
-0.501037,2.40476,-1.4773,-0.133047,-0.965985,0.191225,-0.236576,1.546,0.322882,-0.854589,1.89938,-1.76219,-1.53871,0.96446,-1.2047,2.18207,-0.623478,0.583724,0.700735,-1.18308,0.0290338,1.61152,-1.06668,2.09763,-1.92284,-1.41943,-1.25457,-1.74321,-1.12185,0.727699,
-0.501037,2.40476,-1.4773,-0.133047,-0.965985,0.191225,-0.236576,1.546,0.322882,-0.854589,1.89938,-0.909101,-1.53871,0.96446,-1.2047,1.7007,-0.623478,0.583724,1.64658,-1.18308,0.0290338,1.61152,-2.22103,1.20286,2.08703,0.543855,-1.85445,-0.938007,2.44957,-2.17422,
-0.501037,2.40476,-1.4773,-0.133047,-0.965985,0.191225,-0.236576,1.546,0.322882,-0.854589,1.89938,-1.78325,-1.53871,0.96446,-1.2047,0.62228,-0.623478,0.583724,-0.881052,-1.18308,0.0290338,1.61152,-1.60312,-0.925427,-1.57256,-0.553545,-0.136251,-1.0632,-0.180957,1.59013,
-0.501037,2.40476,-1.4773,-0.133047,-0.965985,0.191225,-0.236576,1.546,0.322882,-0.854589,1.89938,-0.676701,-1.53871,0.96446,-1.2047,0.857422,-0.623478,0.583724,0.00686278,-1.18308,0.0290338,1.61152,-1.89576,1.41832,-1.71893,0.179258,-0.608031,1.34313,0.399481,1.51036,
-0.501037,2.40476,-1.4773,-0.133047,-0.965985,0.191225,-0.236576,1.546,0.322882,-0.854589,1.89938,-0.152643,-1.53871,0.96446,-1.2047,1.67651,-0.623478,0.583724,-0.970915,-1.18308,0.0290338,1.61152,-2.29946,1.09464,1.3529,1.24051,-1.84475,1.48054,-0.554684,-0.207785,
-0.501037,2.40476,-1.4773,-0.133047,-0.965985,0.191225,-0.236576,1.546,0.322882,-0.854589,1.89938,-2.16276,-1.53871,0.96446,-1.2047,1.44124,-0.623478,0.583724,-0.245709,-1.18308,0.0290338,1.61152,-1.77972,1.14906,0.275681,2.28964,-1.54558,-1.1067,0.914415,-0.370574,
-0.501037,2.40476,-1.4773,-0.133047,-0.965985,0.191225,-0.236576,1.546,0.322882,-0.854589,1.89938,-1.87947,-1.53871,0.96446,-1.2047,0.766816,-0.623478,0.583724,1.23359,-1.18308,0.0290338,1.61152,-1.88783,0.410738,-0.359701,1.59071,0.818977,-0.689908,1.57238,-1.45436,
-0.501037,2.40476,-1.4773,-0.133047,-0.965985,0.191225,-0.236576,1.546,0.322882,-0.854589,1.89938,-1.27391,-1.53871,0.96446,-1.2047,-0.295516,-0.623478,0.583724,-1.45854,-1.18308,0.0290338,1.61152,1.32828,0.105,0.278752,-1.00491,-1.33738,0.677989,0.877146,-0.580422,
-0.501037,2.40476,-1.4773,-0.133047,-0.965985,0.191225,-0.236576,1.546,0.322882,-0.854589,1.89938,-2.17299,-1.53871,0.96446,-1.2047,0.314028,-0.623478,0.583724,-0.794201,-1.18308,0.0290338,1.61152,-0.610324,1.44535,-2.9546,1.29797,-3.73281,-1.02786,0.886486,0.320783,
-0.501037,2.40476,-1.4773,-0.133047,-0.965985,0.191225,-0.236576,1.546,0.322882,-0.854589,1.89938,-2.88085,-1.53871,0.96446,-1.2047,-0.463384,-0.623478,0.583724,1.04776,-1.18308,0.0290338,1.61152,-0.843889,0.816073,-1.70881,2.61225,-0.912129,-1.44161,0.594834,1.24524,
-0.501037,2.40476,-1.4773,-0.133047,-0.965985,0.191225,-0.236576,1.546,0.322882,-0.854589,1.89938,-0.963308,-1.53871,0.96446,-1.2047,-0.318789,-0.623478,0.583724,-0.723267,-1.18308,0.0290338,1.61152,-0.303081,1.23542,2.09031,0.179258,-0.250048,1.88921,-1.19562,0.0924249,
-0.501037,2.40476,-1.4773,-0.133047,-0.965985,0.191225,-0.236576,1.546,0.322882,-0.854589,1.89938,-1.14208,-1.53871,0.96446,-1.2047,0.686303,-0.623478,0.583724,0.177426,-1.18308,0.0290338,1.61152,-2.00684,3.09791,-0.28607,2.18085,0.682736,-0.236275,-0.595404,0.409844,
-0.501037,2.40476,-1.4773,-0.133047,-0.965985,0.191225,-0.236576,1.546,0.322882,-0.854589,1.89938,1.36081,-1.53871,0.96446,-1.2047,1.50643,-0.623478,0.583724,0.0244108,-1.18308,0.0290338,1.61152,-1.12725,-0.17438,0.549123,0.799877,-1.72875,0.942462,0.105982,-0.365209,
-0.501037,2.40476,-1.4773,-0.133047,-0.965985,0.191225,-0.236576,1.546,0.322882,-0.854589,1.89938,-1.84779,-1.53871,0.96446,-1.2047,1.7007,-0.623478,0.583724,-1.55927,-1.18308,0.0290338,1.61152,-2.50169,0.527126,-0.0292431,0.0976345,-2.31007,2.03103,2.50521,-1.53362,
-0.501037,2.40476,-1.4773,-0.133047,-0.965985,0.191225,-0.236576,1.546,0.322882,-0.854589,1.89938,-1.43404,-1.53871,0.96446,-1.2047,1.7007,-0.623478,0.583724,-1.49004,-1.18308,0.0290338,1.61152,-2.65172,0.151156,-0.206447,1.90422,1.19322,1.3547,0.730812,0.936787,
-0.501037,2.40476,-1.4773,-0.133047,-0.965985,0.191225,-0.236576,1.546,0.322882,-0.854589,1.89938,-0.283273,-1.53871,0.96446,-1.2047,1.78477,-0.623478,0.583724,0.104031,-1.18308,0.0290338,1.61152,-0.701292,0.705176,1.72978,0.421657,-2.07745,-0.974198,0.210467,0.0352272,
-0.501037,2.40476,-1.4773,-0.133047,-0.965985,0.191225,-0.236576,1.546,0.322882,-0.854589,1.89938,-2.58225,-1.53871,0.96446,-1.2047,0.286253,-0.623478,0.583724,-1.68112,-1.18308,0.0290338,1.61152,-2.30233,-1.11102,-2.04588,-0.339707,-1.70702,0.550134,0.495842,0.951686,
-0.501037,2.40476,-1.4773,-0.133047,-0.965985,0.191225,-0.236576,1.546,0.322882,-0.854589,1.89938,-1.68015,-1.53871,0.96446,-1.2047,0.794148,-0.623478,0.583724,-0.886338,-1.18308,0.0290338,1.61152,-1.40853,-0.0588731,-2.45068,0.230596,-0.623082,-0.209877,-1.3911,1.02216,
-0.501037,2.40476,-1.4773,-0.133047,-0.965985,0.191225,-0.236576,1.546,0.322882,-0.854589,1.89938,-0.529385,-1.53871,0.96446,-1.2047,1.24628,-0.623478,0.583724,-1.55586,-1.18308,0.0290338,1.61152,-1.15601,2.22473,0.673574,1.28994,-2.57528,0.106476,-0.451276,-0.877955,
-0.501037,2.40476,-1.4773,-0.133047,-0.965985,0.191225,-0.236576,1.546,0.322882,-0.854589,1.89938,-0.862553,-1.53871,0.96446,-1.2047,0.798729,-0.623478,0.583724,0.468311,-1.18308,0.0290338,1.61152,-2.14802,0.96302,1.50143,0.243497,2.99014,0.407488,1.29378,-0.959078,
-0.501037,2.40476,-1.4773,-0.133047,-0.965985,0.191225,-0.236576,1.546,0.322882,-0.854589,1.89938,-1.30835,-1.53871,0.96446,-1.2047,1.08007,-0.623478,0.583724,0.0163031,-1.18308,0.0290338,1.61152,-3.03467,1.99074,0.952615,1.2045,-1.34955,1.42257,0.176412,-0.793137,
-0.501037,2.40476,-1.4773,-0.133047,-0.965985,0.191225,-0.236576,1.546,0.322882,-0.854589,1.89938,-1.09053,-1.53871,0.96446,-1.2047,1.66489,-0.623478,0.583724,-0.954257,-1.18308,0.0290338,1.61152,-0.520603,0.983199,-1.67032,2.19397,-0.772263,0.2034,1.07854,-0.439586,
-0.501037,2.40476,-1.4773,-0.133047,-0.965985,0.191225,-0.236576,1.546,0.322882,-0.854589,1.89938,-0.312346,-1.53871,0.96446,-1.2047,1.52895,-0.623478,0.583724,0.45017,-1.18308,0.0290338,1.61152,1.60245,1.99135,-3.41538,0.406594,-0.605406,-0.893383,0.692677,1.47471,
-0.501037,2.40476,-1.4773,-0.133047,-0.965985,0.191225,-0.236576,1.546,0.322882,-0.854589,1.89938,-1.43808,-1.53871,0.96446,-1.2047,0.359516,-0.623478,0.583724,-0.133616,-1.18308,0.0290338,1.61152,-0.871194,0.23177,-2.15406,-0.469587,0.273213,2.36388,-0.26781,1.32919,
-0.501037,2.40476,-1.4773,-0.133047,-0.965985,0.191225,-0.236576,1.546,0.322882,-0.854589,1.89938,-1.74491,-1.53871,0.96446,-1.2047,1.33156,-0.623478,0.583724,0.676006,-1.18308,0.0290338,1.61152,-1.50192,1.70728,-1.4656,1.94258,-1.38817,-1.93237,-1.27869,-0.67298,
-0.501037,2.40476,-1.4773,-0.133047,-0.965985,0.191225,-0.236576,1.546,0.322882,-0.854589,1.89938,0.0794646,-1.53871,0.96446,-1.2047,-2.05314,-0.623478,0.583724,-1.23022,-1.18308,0.0290338,1.61152,-1.91396,0.976562,-1.21895,-2.27235,-0.0538591,-0.805886,0.0561172,-0.178015,
-0.501037,2.40476,-1.4773,-0.133047,-0.965985,0.191225,-0.236576,1.546,0.322882,-0.854589,1.89938,-0.540417,-1.53871,0.96446,-1.2047,-0.0242346,-0.623478,0.583724,-0.668562,-1.18308,0.0290338,1.61152,-1.41938,1.07048,-0.178226,0.426937,0.0551312,1.68306,-1.96703,-0.625605,
-0.501037,2.40476,-1.4773,-0.133047,-0.965985,0.191225,-0.236576,1.546,0.322882,-0.854589,1.89938,-0.287451,-1.53871,0.96446,-1.2047,-0.423992,-0.623478,0.583724,-1.07827,-1.18308,0.0290338,1.61152,-0.14436,-0.392695,0.59767,2.31628,-1.33123,0.713277,-0.936316,0.0779323,
-0.501037,2.40476,-1.4773,-0.133047,-0.965985,0.191225,-0.236576,1.546,0.322882,-0.854589,1.89938,-1.05857,-1.53871,0.96446,-1.2047,0.49358,-0.623478,0.583724,1.04776,-1.18308,0.0290338,1.61152,-1.90903,1.56187,-0.809497,-0.34066,1.19322,0.192413,-2.8251,0.726562,
-0.501037,2.40476,-1.4773,-0.133047,-0.965985,0.191225,-0.236576,1.546,0.322882,-0.854589,1.89938,-1.34689,-1.53871,0.96446,-1.2047,0.515636,-0.623478,0.583724,-1.68112,-1.18308,0.0290338,1.61152,-0.322582,0.00914509,-0.193191,0.0855873,-0.541582,2.74964,0.946515,-0.470419,
-0.501037,2.40476,-1.4773,-0.133047,-0.965985,0.191225,-0.236576,1.546,0.322882,-0.854589,1.89938,-1.91511,-1.53871,0.96446,-1.2047,0.742496,-0.623478,0.583724,0.580879,-1.18308,0.0290338,1.61152,-1.2168,1.23309,0.753152,1.93673,-0.0230723,-1.0632,-0.590381,1.98259,
-0.501037,2.40476,-1.4773,-0.133047,-0.965985,0.191225,-0.236576,1.546,0.322882,-0.854589,1.89938,-1.30835,-1.53871,0.96446,-1.2047,2.63404,-0.623478,0.583724,-0.200871,-1.18308,0.0290338,1.61152,-2.29468,1.20455,-1.3585,0.594481,-0.966249,1.22224,2.21346,1.34417,
-0.501037,2.40476,-1.4773,-0.133047,-0.965985,0.191225,-0.236576,1.546,0.322882,-0.854589,1.89938,0.246432,-1.53871,0.96446,-1.2047,-0.353351,-0.623478,0.583724,-1.03546,-1.18308,0.0290338,1.61152,-1.27378,0.00914509,-2.68025,4.22932,1.89312,0.193882,-0.785777,0.330116,
-0.501037,2.40476,-1.4773,-0.133047,-0.965985,0.191225,-0.236576,1.546,0.322882,-0.854589,1.89938,-0.686842,-1.53871,0.96446,-1.2047,0.951874,-0.623478,0.583724,0.276344,-1.18308,0.0290338,1.61152,-0.472806,1.84654,-0.0116709,-0.853992,-1.58151,-2.11417,1.07085,0.0589737,
-0.501037,2.40476,-1.4773,-0.133047,-0.965985,0.191225,-0.236576,1.546,0.322882,-0.854589,1.89938,-0.505413,-1.53871,0.96446,-1.2047,0.224456,-0.623478,0.583724,-0.188676,-1.18308,0.0290338,1.61152,-1.572,0.779244,-1.40629,1.12434,0.685504,-0.097147,0.952008,1.04962,
-0.501037,2.40476,-1.4773,-0.133047,-0.965985,0.191225,-0.236576,1.546,0.322882,-0.854589,1.89938,-3.00514,-1.53871,0.96446,-1.2047,1.00131,-0.623478,0.583724,-1.07827,-1.18308,0.0290338,1.61152,-1.87131,-0.0859513,-0.117169,0.568594,-0.171122,1.31787,-2.23204,2.06394,
-0.501037,2.40476,-1.4773,-0.133047,-0.965985,0.191225,-0.236576,1.546,0.322882,-0.854589,1.89938,-1.68507,-1.53871,0.96446,-1.2047,0.00134741,-0.623478,0.583724,-0.86513,-1.18308,0.0290338,1.61152,-0.858767,0.122597,0.162476,0.691579,-1.58151,1.03421,-0.0667582,-0.0661883,
-0.501037,2.40476,-1.4773,-0.133047,-0.965985,0.191225,-0.236576,1.546,0.322882,-0.854589,1.89938,-2.74087,-1.53871,0.96446,-1.2047,0.419682,-0.623478,0.583724,-0.910735,-1.18308,0.0290338,1.61152,-2.87391,2.65452,1.04094,-0.572222,-0.232201,-0.824588,0.730812,2.44681,
-0.501037,2.40476,-1.4773,-0.133047,-0.965985,0.191225,-0.236576,1.546,0.322882,-0.854589,1.89938,-0.265231,-1.53871,0.96446,-1.2047,0.647825,-0.623478,0.583724,0.939221,-1.18308,0.0290338,1.61152,-1.26231,-0.897805,0.280188,2.00642,-1.28183,-1.1067,-0.785777,0.661674,
-0.501037,2.40476,-1.4773,-0.133047,-0.965985,0.191225,-0.236576,1.546,0.322882,-0.854589,1.89938,0.362579,-1.53871,0.96446,-1.2047,1.27031,-0.623478,0.583724,-0.617071,-1.18308,0.0290338,1.61152,-0.847312,1.00678,-2.80416,1.59071,0.684747,-0.136757,-0.85133,-0.556542,
-0.501037,2.40476,-1.4773,-0.133047,-0.965985,0.191225,-0.236576,1.546,0.322882,-0.854589,1.89938,-2.591,-1.53871,0.96446,-1.2047,1.22149,-0.623478,0.583724,-0.676244,-1.18308,0.0290338,1.61152,-1.05984,-0.328063,-1.01114,-0.199985,0.527065,3.01125,1.7826,2.30035,
-0.501037,2.40476,-1.4773,-0.133047,-0.965985,0.191225,-0.236576,1.546,0.322882,-0.854589,1.89938,0.147492,-1.53871,0.96446,-1.2047,1.08103,-0.623478,0.583724,-1.08168,-1.18308,0.0290338,1.61152,-1.89422,-0.147452,1.81076,2.93595,-1.68003,2.81932,0.887487,-2.62225,
-0.501037,2.40476,-1.4773,-0.133047,-0.965985,0.191225,-0.236576,1.546,0.322882,-0.854589,1.89938,-0.445201,-1.53871,0.96446,-1.2047,0.820649,-0.623478,0.583724,-1.18939,-1.18308,0.0290338,1.61152,-1.80272,1.54786,1.18375,2.07762,0.65196,0.299419,1.26653,-1.24472,
-0.501037,2.40476,-1.4773,-0.133047,-0.965985,0.191225,-0.236576,1.546,0.322882,-0.854589,1.89938,-1.63816,-1.53871,0.96446,-1.2047,1.08547,-0.623478,0.583724,-1.18939,-1.18308,0.0290338,1.61152,-0.974838,3.37983,-3.33099,1.61333,0.18268,1.12826,1.1495,-2.25175,
-0.501037,2.40476,-1.4773,-0.133047,-0.965985,0.191225,-0.236576,1.546,0.322882,-0.854589,1.89938,-1.87517,-1.53871,0.96446,-1.2047,1.79321,-0.623478,0.583724,-0.400417,-1.18308,0.0290338,1.61152,-1.05102,-0.380621,1.32613,3.8482,-1.05771,2.69175,-0.931532,1.63609,
-0.501037,2.40476,-1.4773,-0.133047,-0.965985,0.191225,-0.236576,1.546,0.322882,-0.854589,1.89938,-0.445201,-1.53871,0.96446,-1.2047,1.39327,-0.623478,0.583724,0.223117,-1.18308,0.0290338,1.61152,-1.42898,0.145259,0.055196,-3.03934,2.50939,0.391557,-1.6163,1.37451,
-0.501037,2.40476,-1.4773,-0.133047,-0.965985,0.191225,-0.236576,1.546,0.322882,-0.854589,1.89938,-2.66855,-1.53871,0.96446,-1.2047,0.614474,-0.623478,0.583724,-1.73892,-1.18308,0.0290338,1.61152,1.11767,2.05654,-1.11562,-1.49928,0.711225,0.866488,-0.829583,2.93682,
-0.501037,2.40476,-1.4773,-0.133047,-0.965985,0.191225,-0.236576,1.546,0.322882,-0.854589,1.89938,-0.577483,-1.53871,0.96446,-1.2047,0.0802187,-0.623478,0.583724,-0.27271,-1.18308,0.0290338,1.61152,-0.972293,-1.28569,-1.38498,0.206589,-0.546258,2.0113,-1.10304,0.800137,
-0.501037,2.40476,-1.4773,-0.133047,-0.965985,0.191225,-0.236576,1.546,0.322882,-0.854589,1.89938,-1.54802,-1.53871,0.96446,-1.2047,0.396814,-0.623478,0.583724,0.276344,-1.18308,0.0290338,1.61152,-1.60509,1.52872,-0.193104,0.691531,-0.830708,-0.52407,-2.88608,-1.39681,
-0.501037,2.40476,-1.4773,-0.133047,-0.965985,0.191225,-0.236576,1.546,0.322882,-0.854589,1.89938,-0.993123,-1.53871,0.96446,-1.2047,0.503074,-0.623478,0.583724,1.42592,-1.18308,0.0290338,1.61152,-1.37679,0.889683,0.329902,-0.37354,0.75298,1.18798,-0.554684,2.1142,
-0.501037,2.40476,-1.4773,-0.133047,-0.965985,0.191225,-0.236576,1.546,0.322882,-0.854589,1.89938,-0.706139,-1.53871,0.96446,-1.2047,1.43197,-0.623478,0.583724,-1.31534,-1.18308,0.0290338,1.61152,0.106199,-0.854133,1.20169,1.4921,-2.69124,0.178901,0.454564,-1.03809,
-0.501037,2.40476,-1.4773,-0.133047,-0.965985,0.191225,-0.236576,1.546,0.322882,-0.854589,1.89938,-1.99531,-1.53871,0.96446,-1.2047,-0.705967,-0.623478,0.583724,-0.213409,-1.18308,0.0290338,1.61152,-1.43699,-1.23696,-0.195795,-3.42882,-1.69685,0.858683,2.97794,1.09443,
-0.501037,2.40476,-1.4773,-0.133047,-0.965985,0.191225,-0.236576,1.546,0.322882,-0.854589,1.89938,0.247579,-1.53871,0.96446,-1.2047,-0.177994,-0.623478,0.583724,0.535482,-1.18308,0.0290338,1.61152,0.208699,1.39301,0.357935,-1.17045,1.36637,-1.10373,2.60264,0.330962,
-0.501037,2.40476,-1.4773,-0.133047,-0.965985,0.191225,-0.236576,1.546,0.322882,-0.854589,1.89938,-2.47094,-1.53871,0.96446,-1.2047,2.09061,-0.623478,0.583724,-1.97876,-1.18308,0.0290338,1.61152,0.554176,-0.216994,2.23479,0.0658219,-1.71519,-0.00850966,-1.10952,-1.07098,
-0.501037,2.40476,-1.4773,-0.133047,-0.965985,0.191225,-0.236576,1.546,0.322882,-0.854589,1.89938,-1.68371,-1.53871,0.96446,-1.2047,0.806013,-0.623478,0.583724,-1.23929,-1.18308,0.0290338,1.61152,1.26475,-0.509886,-0.155797,0.800867,0.076218,0.153392,-0.865486,0.932569,
-0.501037,2.40476,-1.4773,-0.133047,-0.965985,0.191225,-0.236576,1.546,0.322882,-0.854589,1.89938,-0.0712265,-1.53871,0.96446,-1.2047,1.01957,-0.623478,0.583724,1.69444,-1.18308,0.0290338,1.61152,-2.25681,0.488803,-3.57115,1.50551,0.527065,-1.62892,0.619345,-2.36916,
-0.501037,2.40476,-1.4773,-0.133047,-0.965985,0.191225,-0.236576,1.546,0.322882,-0.854589,1.89938,-0.299172,-1.53871,0.96446,-1.2047,0.419553,-0.623478,0.583724,1.60338,-1.18308,0.0290338,1.61152,1.60245,1.70728,-0.465237,-0.747639,-0.90773,0.70996,-1.50572,-0.15947,
-0.501037,2.40476,-1.4773,-0.133047,-0.965985,0.191225,-0.236576,1.546,0.322882,-0.854589,1.89938,-1.4903,-1.53871,0.96446,-1.2047,-0.730858,-0.623478,0.583724,-0.797238,-1.18308,0.0290338,1.61152,-0.392003,0.524571,-2.9985,0.421657,-1.15353,0.942462,0.256104,-0.620343,
-0.501037,2.40476,-1.4773,-0.133047,-0.965985,0.191225,-0.236576,1.546,0.322882,-0.854589,1.89938,-1.63697,-1.53871,0.96446,-1.2047,0.668494,-0.623478,0.583724,-1.28097,-1.18308,0.0290338,1.61152,-1.35493,1.27535,-4.88204,-1.5535,-1.57596,-1.0511,-1.98858,-1.65361,
-0.501037,2.40476,-1.4773,-0.133047,-0.965985,0.191225,-0.236576,1.546,0.322882,-0.854589,1.89938,-1.18417,-1.53871,0.96446,-1.2047,1.01677,-0.623478,0.583724,0.87242,-1.18308,0.0290338,1.61152,-1.32159,1.5174,2.54946,-0.831439,0.0792096,-0.541212,-1.14198,1.99039,
-0.501037,2.40476,-1.4773,-0.133047,-0.965985,0.191225,-0.236576,1.546,0.322882,-0.854589,1.89938,-0.189636,-1.53871,0.96446,-1.2047,-0.64222,-0.623478,0.583724,-0.57308,-1.18308,0.0290338,1.61152,-1.96691,0.444195,-0.197428,-0.540559,-1.61248,-0.255738,-0.980183,-0.459318,
-0.501037,2.40476,-1.4773,-0.133047,-0.965985,0.191225,-0.236576,1.546,0.322882,-0.854589,1.89938,-0.76199,-1.53871,0.96446,-1.2047,1.27012,-0.623478,0.583724,-0.902128,-1.18308,0.0290338,1.61152,0.213058,0.109278,-1.19648,0.547254,0.030782,-1.3417,2.43811,-1.42746,
-0.501037,2.40476,-1.4773,-0.133047,-0.965985,0.191225,-0.236576,1.546,0.322882,-0.854589,1.89938,-2.22425,-1.53871,0.96446,-1.2047,-1.42643,-0.623478,0.583724,-0.0704512,-1.18308,0.0290338,1.61152,-1.42529,2.91819,2.94109,2.00642,-1.69425,-2.38709,-0.544495,0.817254,
-0.501037,2.40476,-1.4773,-0.133047,-0.965985,0.191225,-0.236576,1.546,0.322882,-0.854589,1.89938,-1.33027,-1.53871,0.96446,-1.2047,1.54472,-0.623478,0.583724,-2.65657,-1.18308,0.0290338,1.61152,-2.41203,0.444195,0.560511,-2.07562,0.380618,0.153392,1.95883,-1.53362,
-0.501037,2.40476,-1.4773,-0.133047,-0.965985,0.191225,-0.236576,1.546,0.322882,-0.854589,1.89938,-0.790037,-1.53871,0.96446,-1.2047,0.428797,-0.623478,0.583724,-0.431048,-1.18308,0.0290338,1.61152,-0.900918,0.461385,2.23479,2.91998,0.594664,3.03102,1.51976,-1.62133,
-0.501037,2.40476,-1.4773,-0.133047,-0.965985,0.191225,-0.236576,1.546,0.322882,-0.854589,1.89938,-2.17299,-1.53871,0.96446,-1.2047,0.0616992,-0.623478,0.583724,-0.621999,-1.18308,0.0290338,1.61152,-1.05523,1.91625,-2.67867,0.10799,3.31129,3.99461,-0.0458963,-1.43276,
-0.501037,2.40476,-1.4773,-0.133047,-0.965985,0.191225,-0.236576,1.546,0.322882,-0.854589,1.89938,-0.409785,-1.53871,0.96446,-1.2047,0.382088,-0.623478,0.583724,-0.568279,-1.18308,0.0290338,1.61152,0.558954,-0.559944,-0.787691,-0.553545,1.00846,0.968536,-1.50572,2.2762,
-0.501037,2.40476,-1.4773,-0.133047,-0.965985,0.191225,-0.236576,1.546,0.322882,-0.854589,1.89938,-0.332854,-1.53871,0.96446,-1.2047,-0.736534,-0.623478,0.583724,-0.756365,-1.18308,0.0290338,1.61152,-1.15587,-0.271302,1.45531,0.102969,-0.534347,1.77364,3.4098,2.74048,
-0.501037,2.40476,-1.4773,-0.133047,-0.965985,0.191225,-0.236576,1.546,0.322882,-0.854589,1.89938,-0.716893,-1.53871,0.96446,-1.2047,0.961979,-0.623478,0.583724,-0.960516,-1.18308,0.0290338,1.61152,-0.827519,1.73977,-1.78044,-0.651091,-0.980714,-0.634384,-0.924903,0.413033,
-0.501037,2.40476,-1.4773,-0.133047,-0.965985,0.191225,-0.236576,1.546,0.322882,-0.854589,1.89938,1.06648,-1.53871,0.96446,-1.2047,0.170831,-0.623478,0.583724,0.546395,-1.18308,0.0290338,1.61152,-0.486402,-0.760769,0.459617,1.20565,-0.222214,0.743218,-0.232326,-1.85676,
-0.501037,2.40476,-1.4773,-0.133047,-0.965985,0.191225,-0.236576,1.546,0.322882,-0.854589,1.89938,-1.33707,-1.53871,0.96446,-1.2047,0.388289,-0.623478,0.583724,-1.26475,-1.18308,0.0290338,1.61152,-0.715489,2.89803,-0.109164,-1.13614,-3.69136,-0.519737,1.17352,0.135881,
-0.501037,2.40476,-1.4773,-0.133047,-0.965985,0.191225,-0.236576,1.546,0.322882,-0.854589,1.89938,-2.2888,-1.53871,0.96446,-1.2047,-0.280062,-0.623478,0.583724,-0.408227,-1.18308,0.0290338,1.61152,-1.92104,-0.700619,-0.594713,2.83696,-2.54194,-0.77037,-0.61154,2.93682,
-0.501037,2.40476,-1.4773,-0.133047,-0.965985,0.191225,-0.236576,1.546,0.322882,-0.854589,1.89938,-1.69305,-1.53871,0.96446,-1.2047,0.556358,-0.623478,0.583724,0.802574,-1.18308,0.0290338,1.61152,-0.0034298,2.22874,0.514901,2.07762,0.279701,0.010745,0.735951,1.1542,
-0.501037,2.40476,-1.4773,-0.133047,-0.965985,0.191225,-0.236576,1.546,0.322882,-0.854589,1.89938,-1.50185,-1.53871,0.96446,-1.2047,0.120023,-0.623478,0.583724,0.273675,-1.18308,0.0290338,1.61152,0.215131,1.78666,0.0865865,1.45562,1.3399,1.21554,1.38091,0.964711,
-0.501037,2.40476,-1.4773,-0.133047,-0.965985,0.191225,-0.236576,1.546,0.322882,-0.854589,1.89938,-1.07397,-1.53871,0.96446,-1.2047,-0.0932115,-0.623478,0.583724,-0.759387,-1.18308,0.0290338,1.61152,-1.8763,0.498686,-0.297175,0.624969,-0.239919,-0.632387,-1.81347,1.0311,
-0.501037,2.40476,-1.4773,-0.133047,-0.965985,0.191225,-0.236576,1.546,0.322882,-0.854589,1.89938,-0.682254,-1.53871,0.96446,-1.2047,1.34106,-0.623478,0.583724,-0.932821,-1.18308,0.0290338,1.61152,-0.900918,-1.07772,-0.869413,1.97328,-0.491417,3.01764,3.04273,1.79911,
-0.501037,2.40476,-1.4773,-0.133047,-0.965985,0.191225,-0.236576,1.546,0.322882,-0.854589,1.89938,-2.63106,-1.53871,0.96446,-1.2047,1.85335,-0.623478,0.583724,0.226204,-1.18308,0.0290338,1.61152,-0.547849,1.93494,-0.187845,2.49115,-1.7766,0.983215,0.882377,0.828998,
-0.501037,2.40476,-1.4773,-0.133047,-0.965985,0.191225,-0.236576,1.546,0.322882,-0.854589,1.89938,-1.68507,-1.53871,0.96446,-1.2047,-0.293967,-0.623478,0.583724,-0.388745,-1.18308,0.0290338,1.61152,-0.469368,0.0303644,0.225037,2.07184,-0.478724,-0.1866,0.619345,0.262612,
-0.501037,2.40476,-1.4773,-0.133047,-0.965985,0.191225,-0.236576,1.546,0.322882,-0.854589,1.89938,-1.13381,-1.53871,0.96446,-1.2047,0.785743,-0.623478,0.583724,-1.37079,-1.18308,0.0290338,1.61152,-1.12759,0.29427,0.856178,0.00300237,-1.24302,0.193882,-1.18136,-0.232218,
-0.501037,2.40476,-1.4773,-0.133047,-0.965985,0.191225,-0.236576,1.546,0.322882,-0.854589,1.89938,-0.312346,-1.53871,0.96446,-1.2047,1.02771,-0.623478,0.583724,-1.83485,-1.18308,0.0290338,1.61152,-1.4125,0.531435,-0.161867,0.0552377,-0.201438,0.348687,-1.19018,1.17732,
-0.501037,2.40476,-1.4773,-0.133047,-0.965985,0.191225,-0.236576,1.546,0.322882,-0.854589,1.89938,-1.65974,-1.53871,0.96446,-1.2047,0.296036,-0.623478,0.583724,0.573913,-1.18308,0.0290338,1.61152,-3.16362,1.27535,-0.672615,0.46033,0.614209,-0.119041,-2.02565,2.94657,
-0.501037,2.40476,-1.4773,-0.133047,-0.965985,0.191225,-0.236576,1.546,0.322882,-0.854589,1.89938,-0.820339,-1.53871,0.96446,-1.2047,0.244341,-0.623478,0.583724,-1.83109,-1.18308,0.0290338,1.61152,-1.92436,1.27768,-1.964,2.93595,-1.60608,0.228048,0.031691,-1.56993,
-0.501037,2.40476,-1.4773,-0.133047,-0.965985,0.191225,-0.236576,1.546,0.322882,-0.854589,1.89938,-1.01504,-1.53871,0.96446,-1.2047,2.24592,-0.623478,0.583724,-2.09943,-1.18308,0.0290338,1.61152,-1.01939,0.45045,0.752415,0.201536,1.66627,-2.34153,-2.17496,-3.13776,
-0.501037,2.40476,-1.4773,-0.133047,-0.965985,0.191225,-0.236576,1.546,0.322882,-0.854589,1.89938,-1.86222,-1.53871,0.96446,-1.2047,0.278324,-0.623478,0.583724,-0.97206,-1.18308,0.0290338,1.61152,-0.610324,1.41797,0.285341,-1.21779,-0.133248,0.408675,-0.451276,0.464894,
-0.501037,2.40476,-1.4773,-0.133047,-0.965985,0.191225,-0.236576,1.546,0.322882,-0.854589,1.89938,-0.659568,-1.53871,0.96446,-1.2047,0.679862,-0.623478,0.583724,0.232385,-1.18308,0.0290338,1.61152,-0.322582,1.21544,-1.44231,0.0516793,-1.17912,0.381761,-2.3659,-0.620575,
-0.501037,2.40476,-1.4773,-0.133047,-0.965985,0.191225,-0.236576,1.546,0.322882,-0.854589,1.89938,-0.500234,-1.53871,0.96446,-1.2047,0.668494,-0.623478,0.583724,-0.364614,-1.18308,0.0290338,1.61152,-1.28689,0.176131,0.761494,-0.193338,0.122413,1.66019,2.13271,0.367067,
-0.501037,2.40476,-1.4773,-0.133047,-0.965985,0.191225,-0.236576,1.546,0.322882,-0.854589,1.89938,-1.00311,-1.53871,0.96446,-1.2047,0.883751,-0.623478,0.583724,-1.28097,-1.18308,0.0290338,1.61152,-0.953704,1.30402,-0.116471,0.659542,-0.87626,-1.55048,-0.936316,-1.57762,
-0.501037,2.40476,-1.4773,-0.133047,-0.965985,0.191225,-0.236576,1.546,0.322882,-0.854589,1.89938,-1.24566,-1.53871,0.96446,-1.2047,0.859173,-0.623478,0.583724,-1.58569,-1.18308,0.0290338,1.61152,-1.77993,-1.08251,2.02615,-0.770694,0.25979,0.483365,0.310652,-0.0739265,
-0.501037,2.40476,-1.4773,-0.133047,-0.965985,0.191225,-0.236576,1.546,0.322882,-0.854589,1.89938,-1.97706,-1.53871,0.96446,-1.2047,2.64287,-0.623478,0.583724,0.301745,-1.18308,0.0290338,1.61152,-1.15872,0.173475,0.07376,1.53487,2.32025,2.21816,-1.35684,0.826308,
-0.501037,2.40476,-1.4773,-0.133047,-0.965985,0.191225,-0.236576,1.546,0.322882,-0.854589,1.89938,-0.424999,-1.53871,0.96446,-1.2047,0.973181,-0.623478,0.583724,0.721481,-1.18308,0.0290338,1.61152,-1.69447,1.00872,-0.663556,-1.76706,0.371352,-1.44161,0.189032,-0.0594063,
-0.501037,2.40476,-1.4773,-0.133047,-0.965985,0.191225,-0.236576,1.546,0.322882,-0.854589,1.89938,1.30026,-1.53871,0.96446,-1.2047,1.68078,-0.623478,0.583724,-1.58569,-1.18308,0.0290338,1.61152,-1.54958,0.0503093,1.35182,2.47681,-1.14659,-2.837,-0.383924,0.0812843,
-0.501037,2.40476,-1.4773,-0.133047,-0.965985,0.191225,-0.236576,1.546,0.322882,-0.854589,1.89938,-1.49829,-1.53871,0.96446,-1.2047,1.40987,-0.623478,0.583724,0.0301217,-1.18308,0.0290338,1.61152,-1.04194,1.4078,-2.03568,-1.1776,-1.09888,-0.0521579,-0.579797,0.329091,
-0.501037,2.40476,-1.4773,-0.133047,-0.965985,0.191225,-0.236576,1.546,0.322882,-0.854589,1.89938,-0.644662,-1.53871,0.96446,-1.2047,1.23188,-0.623478,0.583724,-1.32708,-1.18308,0.0290338,1.61152,-0.793583,2.47988,0.209366,1.43258,-1.78831,0.813347,0.648056,0.367466,
-0.501037,2.40476,-1.4773,-0.133047,-0.965985,0.191225,-0.236576,1.546,0.322882,-0.854589,1.89938,-2.591,-1.53871,0.96446,-1.2047,-0.479752,-0.623478,0.583724,-2.1919,-1.18308,0.0290338,1.61152,-0.0849902,1.81339,0.359949,1.82951,0.0718527,2.74964,1.36646,0.79477,
-0.501037,2.40476,-1.4773,-0.133047,-0.965985,0.191225,-0.236576,1.546,0.322882,-0.854589,1.89938,-2.29129,-1.53871,0.96446,-1.2047,0.719431,-0.623478,0.583724,-1.59976,-1.18308,0.0290338,1.61152,-1.87131,0.138616,0.821477,1.04524,1.78114,-0.0967234,1.19287,-0.800588,
-0.501037,2.40476,-1.4773,-0.133047,-0.965985,0.191225,-0.236576,1.546,0.322882,-0.854589,1.89938,-0.780973,-1.53871,0.96446,-1.2047,0.218699,-0.623478,0.583724,-0.229494,-1.18308,0.0290338,1.61152,-0.806937,1.41832,-1.94781,-0.956401,1.4472,1.03428,0.106594,-2.90989,
-0.501037,2.40476,-1.4773,-0.133047,-0.965985,0.191225,-0.236576,1.546,0.322882,-0.854589,1.89938,-0.777574,-1.53871,0.96446,-1.2047,0.225543,-0.623478,0.583724,0.473092,-1.18308,0.0290338,1.61152,-1.60509,1.11166,-2.65391,1.79946,0.529791,1.45795,-0.947065,3.68032,
-0.501037,2.40476,-1.4773,-0.133047,-0.965985,0.191225,-0.236576,1.546,0.322882,-0.854589,1.89938,-1.5056,-1.53871,0.96446,-1.2047,1.69998,-0.623478,0.583724,-0.263626,-1.18308,0.0290338,1.61152,-1.01879,1.05358,1.66895,0.529884,-1.50116,1.58581,1.63041,0.226469,
-0.501037,2.40476,-1.4773,-0.133047,-0.965985,0.191225,-0.236576,1.546,0.322882,-0.854589,1.89938,0.163182,-1.53871,0.96446,-1.2047,-2.32146,-0.623478,0.583724,0.447134,-1.18308,0.0290338,1.61152,-1.5136,2.76405,-1.02335,3.17218,-1.32358,-0.191581,-0.1535,-1.31449,
-0.501037,2.40476,-1.4773,-0.133047,-0.965985,0.191225,-0.236576,1.546,0.322882,-0.854589,1.89938,0.649769,-1.53871,0.96446,-1.2047,1.27829,-0.623478,0.583724,0.0772607,-1.18308,0.0290338,1.61152,-1.84448,1.22131,-2.55707,-0.516102,-1.57596,1.98214,-0.475677,1.48065,
-0.501037,2.40476,-1.4773,-0.133047,-0.965985,0.191225,-0.236576,1.546,0.322882,-0.854589,1.89938,-1.50935,-1.53871,0.96446,-1.2047,-0.481043,-0.623478,0.583724,-0.659959,-1.18308,0.0290338,1.61152,-1.36487,1.07633,-0.352191,-1.01588,-0.880639,0.665608,-4.47108,-0.201511,
-0.501037,2.40476,-1.4773,-0.133047,-0.965985,0.191225,-0.236576,1.546,0.322882,-0.854589,1.89938,0.396425,-1.53871,0.96446,-1.2047,0.97901,-0.623478,0.583724,-0.62553,-1.18308,0.0290338,1.61152,-2.67897,2.13514,0.374034,-0.553545,2.20617,-0.0555329,2.1602,1.01348,
-0.501037,2.40476,-1.4773,-0.133047,-0.965985,0.191225,-0.236576,1.546,0.322882,-0.854589,1.89938,-2.68394,-1.53871,0.96446,-1.2047,0.790715,-0.623478,0.583724,-0.546508,-1.18308,0.0290338,1.61152,-1.34549,1.98942,-0.953511,1.96066,-2.56537,1.16332,1.82386,2.35318,
-0.501037,2.40476,-1.4773,-0.133047,-0.965985,0.191225,-0.236576,1.546,0.322882,-0.854589,1.89938,-2.62045,-1.53871,0.96446,-1.2047,0.453298,-0.623478,0.583724,-1.32708,-1.18308,0.0290338,1.61152,-1.06351,1.00678,-0.222278,0.783509,-0.438545,-0.428998,-0.521196,2.56004,
-0.501037,2.40476,-1.4773,-0.133047,-0.965985,0.191225,-0.236576,1.546,0.322882,-0.854589,1.89938,-0.77804,-1.53871,0.96446,-1.2047,1.06059,-0.623478,0.583724,-1.20008,-1.18308,0.0290338,1.61152,-1.61001,0.151156,-1.98019,-0.122778,-1.01907,-0.285655,1.35959,1.24745,
-0.501037,2.40476,-1.4773,-0.133047,-0.965985,0.191225,-0.236576,1.546,0.322882,-0.854589,1.89938,-0.616076,-1.53871,0.96446,-1.2047,1.00131,-0.623478,0.583724,0.534432,-1.18308,0.0290338,1.61152,-2.03833,-0.936808,0.584728,-1.35529,-1.95644,-1.71491,-0.33483,0.770453,
-0.501037,2.40476,-1.4773,-0.133047,-0.965985,0.191225,-0.236576,1.546,0.322882,-0.854589,1.89938,-1.63865,-1.53871,0.96446,-1.2047,0.829194,-0.623478,0.583724,-1.58569,-1.18308,0.0290338,1.61152,-2.26293,1.19633,-1.72329,-2.27235,-1.38433,1.29937,-0.922473,2.25843,
-0.501037,2.40476,-1.4773,-0.133047,-0.965985,0.191225,-0.236576,1.546,0.322882,-0.854589,1.89938,-1.53854,-1.53871,0.96446,-1.2047,1.02858,-0.623478,0.583724,-1.83485,-1.18308,0.0290338,1.61152,-2.24758,-0.961912,-0.927127,-0.176726,1.94757,-1.98456,1.17352,0.666402,
-0.501037,2.40476,-1.4773,-0.133047,-0.965985,0.191225,-0.236576,1.546,0.322882,-0.854589,1.89938,-2.31309,-1.53871,0.96446,-1.2047,0.970263,-0.623478,0.583724,0.143522,-1.18308,0.0290338,1.61152,-2.19996,-2.11325,0.863538,2.67764,-0.635738,1.98214,-0.892916,-1.09574,
-0.501037,2.40476,-1.4773,-0.133047,-0.965985,0.191225,-0.236576,1.546,0.322882,-0.854589,1.89938,-1.38999,-1.53871,0.96446,-1.2047,-0.681808,-0.623478,0.583724,-1.45996,-1.18308,0.0290338,1.61152,-1.7458,0.459137,-1.23785,-1.39289,-1.08433,3.11555,-0.554684,2.13499,
-0.501037,2.40476,-1.4773,-0.133047,-0.965985,0.191225,-0.236576,1.546,0.322882,-0.854589,1.89938,-1.6093,-1.53871,0.96446,-1.2047,1.15283,-0.623478,0.583724,-1.72546,-1.18308,0.0290338,1.61152,-0.0618935,1.22131,-1.11562,1.96782,-2.09367,-0.928448,0.0266495,-1.47982,
-0.501037,2.40476,-1.4773,-0.133047,-0.965985,0.191225,-0.236576,1.546,0.322882,-0.854589,1.89938,-0.246798,-1.53871,0.96446,-1.2047,-0.260041,-0.623478,0.583724,-1.26475,-1.18308,0.0290338,1.61152,-0.895682,0.557704,-0.591553,0.984989,-1.22808,2.02526,0.151017,0.327159,
-0.501037,2.40476,-1.4773,-0.133047,-0.965985,0.191225,-0.236576,1.546,0.322882,-0.854589,1.89938,-1.08785,-1.53871,0.96446,-1.2047,0.793241,-0.623478,0.583724,0.732562,-1.18308,0.0290338,1.61152,-1.9836,-0.032473,-2.09098,0.736848,-0.451774,0.193882,1.88823,2.9195,
-0.501037,2.40476,-1.4773,-0.133047,-0.965985,0.191225,-0.236576,1.546,0.322882,-0.854589,1.89938,-1.74439,-1.53871,0.96446,-1.2047,1.36658,-0.623478,0.583724,1.45704,-1.18308,0.0290338,1.61152,0.264128,0.444353,-0.115778,-0.00975733,-1.68003,0.30713,-0.0683064,1.08564,
-0.501037,2.40476,-1.4773,-0.133047,-0.965985,0.191225,-0.236576,1.546,0.322882,-0.854589,1.89938,-1.97834,-1.53871,0.96446,-1.2047,1.26295,-0.623478,0.583724,0.492875,-1.18308,0.0290338,1.61152,-0.469368,-0.437465,-0.426641,2.14629,1.56537,1.25701,1.74484,-3.13523,
-0.501037,2.40476,-1.4773,-0.133047,-0.965985,0.191225,-0.236576,1.546,0.322882,-0.854589,1.89938,-0.265656,-1.53871,0.96446,-1.2047,-0.269923,-0.623478,0.583724,-1.83482,-1.18308,0.0290338,1.61152,1.23943,-0.193068,0.681164,-0.198124,0.569318,1.84105,-0.991987,1.10021,
-0.501037,2.40476,-1.4773,-0.133047,-0.965985,0.191225,-0.236576,1.546,0.322882,-0.854589,1.89938,-0.862005,-1.53871,0.96446,-1.2047,0.0133769,-0.623478,0.583724,1.64658,-1.18308,0.0290338,1.61152,-0.6158,1.32456,-4.22206,0.224337,1.929,1.21554,2.28396,-1.41872,
-0.501037,2.40476,-1.4773,-0.133047,-0.965985,0.191225,-0.236576,1.546,0.322882,-0.854589,1.89938,-2.92799,-1.53871,0.96446,-1.2047,3.60947,-0.623478,0.583724,-1.73144,-1.18308,0.0290338,1.61152,-1.36116,3.86115,-1.60899,-1.00025,-1.71519,2.20119,-0.297838,2.68757,
-0.501037,2.40476,-1.4773,-0.133047,-0.965985,0.191225,-0.236576,1.546,0.322882,-0.854589,1.89938,-1.26417,-1.53871,0.96446,-1.2047,-2.32146,-0.623478,0.583724,0.524787,-1.18308,0.0290338,1.61152,-0.472806,0.152493,0.403054,1.54463,-0.38736,1.27459,0.882377,0.692477,
-0.501037,2.40476,-1.4773,-0.133047,-0.965985,0.191225,-0.236576,1.546,0.322882,-0.854589,1.89938,-2.18603,-1.53871,0.96446,-1.2047,1.64249,-0.623478,0.583724,-1.68945,-1.18308,0.0290338,1.61152,-0.806837,0.365106,0.421851,-0.175436,0.417146,0.8978,-4.47108,1.43428,
-0.501037,2.40476,-1.4773,-0.133047,-0.965985,0.191225,-0.236576,1.546,0.322882,-0.854589,1.89938,-2.45855,-1.53871,0.96446,-1.2047,0.970263,-0.623478,0.583724,-1.54884,-1.18308,0.0290338,1.61152,-1.56737,2.01685,-0.148437,1.99071,1.14895,0.820754,-1.09652,0.273512,
-0.501037,2.40476,-1.4773,-0.133047,-0.965985,0.191225,-0.236576,1.546,0.322882,-0.854589,1.89938,-1.31299,-1.53871,0.96446,-1.2047,0.782833,-0.623478,0.583724,-2.42343,-1.18308,0.0290338,1.61152,-3.75092,1.95188,-0.436398,-0.668946,-0.559146,-0.522973,-1.35684,-3.34519,
-0.501037,2.40476,-1.4773,-0.133047,-0.965985,0.191225,-0.236576,1.546,0.322882,-0.854589,1.89938,-0.569326,-1.53871,0.96446,-1.2047,-2.14886,-0.623478,0.583724,-1.15047,-1.18308,0.0290338,1.61152,-0.922436,1.36695,-2.80416,-0.960219,-1.00733,0.272248,-0.556582,-0.014554,
-0.501037,2.40476,-1.4773,-0.133047,-0.965985,0.191225,-0.236576,1.546,0.322882,-0.854589,1.89938,-1.11634,-1.53871,0.96446,-1.2047,1.82399,-0.623478,0.583724,-0.852523,-1.18308,0.0290338,1.61152,-1.64129,1.82694,0.180111,0.543406,0.0173919,-3.42537,0.944604,-0.13797,
-0.501037,2.40476,-1.4773,-0.133047,-0.965985,0.191225,-0.236576,1.546,0.322882,-0.854589,1.89938,-1.86891,-1.53871,0.96446,-1.2047,0.749438,-0.623478,0.583724,-1.63361,-1.18308,0.0290338,1.61152,0.526021,-0.614103,-0.894659,1.23458,1.29139,-1.10748,-1.14198,1.97192,
-0.501037,2.40476,-1.4773,-0.133047,-0.965985,0.191225,-0.236576,1.546,0.322882,-0.854589,1.89938,-1.62411,-1.53871,0.96446,-1.2047,0.961979,-0.623478,0.583724,-2.10147,-1.18308,0.0290338,1.61152,-0.780697,1.00872,-0.699698,0.628869,0.076218,1.28837,1.30832,-1.44448,
-0.501037,2.40476,-1.4773,-0.133047,-0.965985,0.191225,-0.236576,1.546,0.322882,-0.854589,1.89938,-2.84949,-1.53871,0.96446,-1.2047,0.910999,-0.623478,0.583724,0.497907,-1.18308,0.0290338,1.61152,-2.49641,-0.614465,0.399023,-0.169682,-0.635738,0.569816,-0.193587,1.2465,
-0.501037,2.40476,-1.4773,-0.133047,-0.965985,0.191225,-0.236576,1.546,0.322882,-0.854589,1.89938,-0.351143,-1.53871,0.96446,-1.2047,1.27677,-0.623478,0.583724,0.553971,-1.18308,0.0290338,1.61152,-1.88766,0.176131,-3.46784,0.569844,0.313215,-1.5111,2.63724,-2.40306,
-0.501037,2.40476,-1.4773,-0.133047,-0.965985,0.191225,-0.236576,1.546,0.322882,-0.854589,1.89938,-2.67603,-1.53871,0.96446,-1.2047,0.382088,-0.623478,0.583724,-0.977068,-1.18308,0.0290338,1.61152,-0.573293,2.47777,-0.805245,-0.318208,-0.225365,-0.869131,-1.48265,0.310713,
-0.501037,2.40476,-1.4773,-0.133047,-0.965985,0.191225,-0.236576,1.546,0.322882,-0.854589,1.89938,0.493479,-1.53871,0.96446,-1.2047,1.39222,-0.623478,0.583724,-1.50971,-1.18308,0.0290338,1.61152,-0.698974,1.9202,-1.27556,3.06276,-2.44019,-0.213779,0.463844,0.834923,
-0.501037,2.40476,-1.4773,-0.133047,-0.965985,0.191225,-0.236576,1.546,0.322882,-0.854589,1.89938,-2.53065,-1.53871,0.96446,-1.2047,-1.03542,-0.623478,0.583724,-0.112183,-1.18308,0.0290338,1.61152,-1.26914,1.3644,-2.02344,-0.521305,-0.34294,0.663433,0.244081,1.37188,
-0.501037,2.40476,-1.4773,-0.133047,-0.965985,0.191225,-0.236576,1.546,0.322882,-0.854589,1.89938,-1.81367,-1.53871,0.96446,-1.2047,0.780879,-0.623478,0.583724,-0.338862,-1.18308,0.0290338,1.61152,-0.482115,0.437807,0.30598,1.93673,0.0788725,-1.10373,-2.55022,0.320783,
-0.501037,2.40476,-1.4773,-0.133047,-0.965985,0.191225,-0.236576,1.546,0.322882,-0.854589,1.89938,-1.13546,-1.53871,0.96446,-1.2047,1.43579,-0.623478,0.583724,-0.802844,-1.18308,0.0290338,1.61152,-1.7949,0.410738,-0.736531,0.543113,1.05507,1.38659,-0.560359,0.712845,
-0.501037,2.40476,-1.4773,-0.133047,-0.965985,0.191225,-0.236576,1.546,0.322882,-0.854589,1.89938,-1.48174,-1.53871,0.96446,-1.2047,0.794148,-0.623478,0.583724,1.13041,-1.18308,0.0290338,1.61152,-1.6664,2.29198,-1.7936,-0.339707,-0.725391,-0.787564,1.50359,0.0909459,
-0.501037,2.40476,-1.4773,-0.133047,-0.965985,0.191225,-0.236576,1.546,0.322882,-0.854589,1.89938,0.770703,-1.53871,0.96446,-1.2047,2.48753,-0.623478,0.583724,-1.22257,-1.18308,0.0290338,1.61152,-0.882775,1.90604,-1.95975,1.22466,0.168273,1.40277,0.867278,-1.03809,
-0.501037,2.40476,-1.4773,-0.133047,-0.965985,0.191225,-0.236576,1.546,0.322882,-0.854589,1.89938,-1.02602,-1.53871,0.96446,-1.2047,-0.0649028,-0.623478,0.583724,-1.04959,-1.18308,0.0290338,1.61152,-2.11889,1.44892,-2.73866,-0.804467,1.4472,0.799858,-0.551406,-0.933978,
-0.501037,2.40476,-1.4773,-0.133047,-0.965985,0.191225,-0.236576,1.546,0.322882,-0.854589,1.89938,-0.299172,-1.53871,0.96446,-1.2047,1.53531,-0.623478,0.583724,-1.43177,-1.18308,0.0290338,1.61152,-1.24027,-0.456384,-1.444,1.03763,-2.72567,2.19879,-2.92425,1.77086,
-0.501037,2.40476,-1.4773,-0.133047,-0.965985,0.191225,-0.236576,1.546,0.322882,-0.854589,1.89938,-0.56677,-1.53871,0.96446,-1.2047,1.95676,-0.623478,0.583724,0.148265,-1.18308,0.0290338,1.61152,-2.29946,0.703899,1.4758,-1.57231,2.03958,0.682988,-2.25969,-1.08173,
-0.501037,2.40476,-1.4773,-0.133047,-0.965985,0.191225,-0.236576,1.546,0.322882,-0.854589,1.89938,1.21413,-1.53871,0.96446,-1.2047,1.68793,-0.623478,0.583724,-0.263186,-1.18308,0.0290338,1.61152,-1.52695,1.76397,-2.75747,0.0932287,-1.21936,0.560059,-0.564106,0.226469,
-0.501037,2.40476,-1.4773,-0.133047,-0.965985,0.191225,-0.236576,1.546,0.322882,-0.854589,1.89938,-1.90442,-1.53871,0.96446,-1.2047,0.167219,-0.623478,0.583724,-0.902128,-1.18308,0.0290338,1.61152,-0.791204,1.23705,-1.22367,-1.1716,-2.08119,-0.938007,-1.70426,-1.47982,
-0.501037,2.40476,-1.4773,-0.133047,-0.965985,0.191225,-0.236576,1.546,0.322882,-0.854589,1.89938,-0.175435,-1.53871,0.96446,-1.2047,0.779983,-0.623478,0.583724,-0.385651,-1.18308,0.0290338,1.61152,-0.824977,1.22131,-0.538504,2.32992,0.539522,0.155455,2.02092,-1.18045,
-0.501037,2.40476,-1.4773,-0.133047,-0.965985,0.191225,-0.236576,1.546,0.322882,-0.854589,1.89938,-1.50206,-1.53871,0.96446,-1.2047,1.07133,-0.623478,0.583724,-0.200871,-1.18308,0.0290338,1.61152,-0.704514,3.25333,0.150078,0.71585,1.39535,0.171526,-2.05203,1.25358,
-0.501037,2.40476,-1.4773,-0.133047,-0.965985,0.191225,-0.236576,1.546,0.322882,-0.854589,1.89938,-1.40806,-1.53871,0.96446,-1.2047,0.42005,-0.623478,0.583724,-0.489444,-1.18308,0.0290338,1.61152,-0.0034298,0.751949,0.491505,0.0381173,-1.2004,1.87008,1.31545,0.754846,
-0.501037,2.40476,-1.4773,-0.133047,-0.965985,0.191225,-0.236576,1.546,0.322882,-0.854589,1.89938,-1.88965,-1.53871,0.96446,-1.2047,1.43047,-0.623478,0.583724,-1.62752,-1.18308,0.0290338,1.61152,-2.51845,0.274966,0.494623,2.64019,0.449967,0.692281,0.343665,2.85873,
-0.501037,2.40476,-1.4773,-0.133047,-0.965985,0.191225,-0.236576,1.546,0.322882,-0.854589,1.89938,-0.695547,-1.53871,0.96446,-1.2047,0.738141,-0.623478,0.583724,-1.90968,-1.18308,0.0290338,1.61152,-1.25834,0.867613,1.68977,2.27753,1.24532,0.364779,1.19225,-1.86782,
-0.501037,2.40476,-1.4773,-0.133047,-0.965985,0.191225,-0.236576,1.546,0.322882,-0.854589,1.89938,-2.26478,-1.53871,0.96446,-1.2047,-0.386786,-0.623478,0.583724,0.065284,-1.18308,0.0290338,1.61152,-2.50169,-0.817826,-1.03699,0.834615,-0.954534,-1.19271,-2.0497,0.804832,
-0.501037,2.40476,-1.4773,-0.133047,-0.965985,0.191225,-0.236576,1.546,0.322882,-0.854589,1.89938,-2.38086,-1.53871,0.96446,-1.2047,0.165406,-0.623478,0.583724,-0.583832,-1.18308,0.0290338,1.61152,-1.42009,2.12425,0.359949,-0.0390899,-0.211179,-0.256819,-1.96703,0.273593,
-0.501037,2.40476,-1.4773,-0.133047,-0.965985,0.191225,-0.236576,1.546,0.322882,-0.854589,1.89938,-2.72573,-1.53871,0.96446,-1.2047,0.367591,-0.623478,0.583724,-1.24154,-1.18308,0.0290338,1.61152,-1.58435,0.349287,-0.362435,-0.638823,2.22006,0.494825,-1.00168,0.0351908,
-0.501037,2.40476,-1.4773,-0.133047,-0.965985,0.191225,-0.236576,1.546,0.322882,-0.854589,1.89938,-1.64781,-1.53871,0.96446,-1.2047,1.43583,-0.623478,0.583724,-0.332027,-1.18308,0.0290338,1.61152,0.554176,1.70214,-2.94052,-0.240615,-1.42959,-1.0533,0.449045,0.950035,
-0.501037,2.40476,-1.4773,-0.133047,-0.965985,0.191225,-0.236576,1.546,0.322882,-0.854589,1.89938,-0.501069,-1.53871,0.96446,-1.2047,1.7007,-0.623478,0.583724,0.276344,-1.18308,0.0290338,1.61152,-1.97165,-0.0260714,-2.51782,1.59071,-1.00647,0.168615,-2.59185,-0.633057,
-0.501037,2.40476,-1.4773,-0.133047,-0.965985,0.191225,-0.236576,1.546,0.322882,-0.854589,1.89938,-1.76131,-1.53871,0.96446,-1.2047,1.23475,-0.623478,0.583724,0.546395,-1.18308,0.0290338,1.61152,-0.84109,0.591447,-2.54607,-1.39289,-0.912129,0.0628065,0.401561,0.0503216,
-0.501037,2.40476,-1.4773,-0.133047,-0.965985,0.191225,-0.236576,1.546,0.322882,-0.854589,1.89938,-0.0677802,-1.53871,0.96446,-1.2047,1.44124,-0.623478,0.583724,1.45704,-1.18308,0.0290338,1.61152,-1.54875,0.163379,-2.9349,-0.0339863,0.108421,0.407488,0.292371,0.356275,
-0.501037,2.40476,-1.4773,-0.133047,-0.965985,0.191225,-0.236576,1.546,0.322882,-0.854589,1.89938,-1.24566,-1.53871,0.96446,-1.2047,0.166496,-0.623478,0.583724,-0.177194,-1.18308,0.0290338,1.61152,-0.780697,0.82921,-1.23785,1.39186,-0.445191,-1.23776,-2.6084,2.96582,
-0.501037,2.40476,-1.4773,-0.133047,-0.965985,0.191225,-0.236576,1.546,0.322882,-0.854589,1.89938,-0.926546,-1.53871,0.96446,-1.2047,0.568611,-0.623478,0.583724,-0.151178,-1.18308,0.0290338,1.61152,-2.30955,-0.624712,-1.91375,1.62623,-0.116276,-0.884771,0.0625799,0.370357,
-0.501037,2.40476,-1.4773,-0.133047,-0.965985,0.191225,-0.236576,1.546,0.322882,-0.854589,1.89938,-0.699403,-1.53871,0.96446,-1.2047,0.242616,-0.623478,0.583724,-1.06419,-1.18308,0.0290338,1.61152,-1.53995,1.52417,-1.25792,2.11151,1.08734,1.18798,-2.1104,2.48354,
-0.501037,2.40476,-1.4773,-0.133047,-0.965985,0.191225,-0.236576,1.546,0.322882,-0.854589,1.89938,-0.476026,-1.53871,0.96446,-1.2047,1.04417,-0.623478,0.583724,-0.757877,-1.18308,0.0290338,1.61152,-2.3279,0.663431,-1.81492,1.59071,2.40351,0.597731,1.57191,0.72808,
-0.501037,2.40476,-1.4773,-0.133047,-0.965985,0.191225,-0.236576,1.546,0.322882,-0.854589,1.89938,-1.23119,-1.53871,0.96446,-1.2047,1.45997,-0.623478,0.583724,-0.526241,-1.18308,0.0290338,1.61152,-1.05187,0.828748,1.09458,1.60248,-1.10396,-0.882734,-0.386929,0.16961,
-0.501037,2.40476,-1.4773,-0.133047,-0.965985,0.191225,-0.236576,1.546,0.322882,-0.854589,1.89938,-1.93377,-1.53871,0.96446,-1.2047,-0.279161,-0.623478,0.583724,-2.4995,-1.18308,0.0290338,1.61152,-0.615833,1.96613,0.618876,-0.00975733,0.430789,-0.0560331,-0.613043,1.00551,
-0.501037,2.40476,-1.4773,-0.133047,-0.965985,0.191225,-0.236576,1.546,0.322882,-0.854589,1.89938,-1.31299,-1.53871,0.96446,-1.2047,1.61233,-0.623478,0.583724,-2.15573,-1.18308,0.0290338,1.61152,-1.03854,0.392846,-0.846983,1.02229,1.60449,0.698784,0.746411,1.88621,
-0.501037,2.40476,-1.4773,-0.133047,-0.965985,0.191225,-0.236576,1.546,0.322882,-0.854589,1.89938,0.499127,-1.53871,0.96446,-1.2047,0.484746,-0.623478,0.583724,1.02143,-1.18308,0.0290338,1.61152,-1.11826,1.00386,-3.33099,0.624969,-1.29745,-0.624324,-1.36544,-0.234431,
-0.501037,2.40476,-1.4773,-0.133047,-0.965985,0.191225,-0.236576,1.546,0.322882,-0.854589,1.89938,-1.21996,-1.53871,0.96446,-1.2047,1.16973,-0.623478,0.583724,-1.30591,-1.18308,0.0290338,1.61152,-2.13135,0.105389,-0.352191,0.528456,-0.0985903,3.40109,1.39703,-0.501982,
-0.501037,2.40476,-1.4773,-0.133047,-0.965985,0.191225,-0.236576,1.546,0.322882,-0.854589,1.89938,-1.47972,-1.53871,0.96446,-1.2047,1.81952,-0.623478,0.583724,-1.06419,-1.18308,0.0290338,1.61152,0.824803,0.8346,-0.90406,-0.800959,-1.40505,-1.08056,-1.69331,0.696963,
-0.501037,2.40476,-1.4773,-0.133047,-0.965985,0.191225,-0.236576,1.546,0.322882,-0.854589,1.89938,-1.32336,-1.53871,0.96446,-1.2047,2.66629,-0.623478,0.583724,-0.328105,-1.18308,0.0290338,1.61152,-2.86391,-1.98141,0.327319,2.58652,-0.491417,0.592351,-1.9591,0.914653,
-0.501037,2.40476,-1.4773,-0.133047,-0.965985,0.191225,-0.236576,1.546,0.322882,-0.854589,1.89938,-2.591,-1.53871,0.96446,-1.2047,2.36495,-0.623478,0.583724,-1.02503,-1.18308,0.0290338,1.61152,-2.65172,-1.95602,0.988333,0.390222,0.169625,0.528751,0.788291,0.0147957,
-0.501037,2.40476,-1.4773,-0.133047,-0.965985,0.191225,-0.236576,1.546,0.322882,-0.854589,1.89938,-3.03582,-1.53871,0.96446,-1.2047,-0.641744,-0.623478,0.583724,-0.426356,-1.18308,0.0290338,1.61152,-1.24394,-0.207075,1.27756,0.784527,0.117213,-0.681699,0.93206,4.38774,
-0.501037,2.40476,-1.4773,-0.133047,-0.965985,0.191225,-0.236576,1.546,0.322882,-0.854589,1.89938,-1.45443,-1.53871,0.96446,-1.2047,0.388289,-0.623478,0.583724,0.218978,-1.18308,0.0290338,1.61152,0.456658,1.35375,-1.33953,1.59071,1.90222,-3.71976,-1.49033,0.698603,
-0.501037,2.40476,-1.4773,-0.133047,-0.965985,0.191225,-0.236576,1.546,0.322882,-0.854589,1.89938,-2.05602,-1.53871,0.96446,-1.2047,0.931681,-0.623478,0.583724,-0.522517,-1.18308,0.0290338,1.61152,-2.06674,1.82878,-0.0667292,-0.651024,-1.26435,-3.0645,-0.0637416,0.262612,
-0.501037,2.40476,-1.4773,-0.133047,-0.965985,0.191225,-0.236576,1.546,0.322882,-0.854589,1.89938,-0.0238682,-1.53871,0.96446,-1.2047,1.91813,-0.623478,0.583724,0.232385,-1.18308,0.0290338,1.61152,-0.247409,0.793939,0.484669,-1.39289,-0.502527,-1.74321,1.17394,-1.33621,
-0.501037,2.40476,-1.4773,-0.133047,-0.965985,0.191225,-0.236576,1.546,0.322882,-0.854589,1.89938,-0.0712265,-1.53871,0.96446,-1.2047,1.85768,-0.623478,0.583724,0.412615,-1.18308,0.0290338,1.61152,-0.14436,0.511093,1.81925,0.578394,-0.138081,-1.10573,0.178896,-1.77128,
-0.501037,2.40476,-1.4773,-0.133047,-0.965985,0.191225,-0.236576,1.546,0.322882,-0.854589,1.89938,-0.719245,-1.53871,0.96446,-1.2047,0.0306263,-0.623478,0.583724,0.00116467,-1.18308,0.0290338,1.61152,-1.30444,1.03852,-2.41929,-1.31676,-0.467912,3.40109,1.51976,-0.7722,
-0.501037,2.40476,-1.4773,-0.133047,-0.965985,0.191225,-0.236576,1.546,0.322882,-0.854589,1.89938,-1.78325,-1.53871,0.96446,-1.2047,0.359516,-0.623478,0.583724,-0.328105,-1.18308,0.0290338,1.61152,0.0272161,-0.348535,0.310818,1.50551,-1.61575,-0.497955,0.773941,1.62806,
-0.501037,2.40476,-1.4773,-0.133047,-0.965985,0.191225,-0.236576,1.546,0.322882,-0.854589,1.89938,-1.44735,-1.53871,0.96446,-1.2047,-0.0649028,-0.623478,0.583724,-0.303309,-1.18308,0.0290338,1.61152,-0.974838,1.32456,1.00359,0.491436,-1.33838,0.898023,-0.328873,-1.21961,
-0.501037,2.40476,-1.4773,-0.133047,-0.965985,0.191225,-0.236576,1.546,0.322882,-0.854589,1.89938,-0.491438,-1.53871,0.96446,-1.2047,1.17012,-0.623478,0.583724,0.553971,-1.18308,0.0290338,1.61152,-1.46913,0.178198,0.177622,0.843055,0.485692,-1.93068,0.124169,-1.41872,
-0.501037,2.40476,-1.4773,-0.133047,-0.965985,0.191225,-0.236576,1.546,0.322882,-0.854589,1.89938,-2.42364,-1.53871,0.96446,-1.2047,1.42646,-0.623478,0.583724,-1.40193,-1.18308,0.0290338,1.61152,0.00635955,-0.176253,-0.978568,0.0540003,-0.394897,3.03189,0.305017,-0.278328,
-0.501037,2.40476,-1.4773,-0.133047,-0.965985,0.191225,-0.236576,1.546,0.322882,-0.854589,1.89938,0.58563,-1.53871,0.96446,-1.2047,-0.857676,-0.623478,0.583724,-0.592588,-1.18308,0.0290338,1.61152,-1.32705,2.54867,-0.139263,-1.3738,-2.07745,-0.135396,-1.44842,-0.385036,
-0.501037,2.40476,-1.4773,-0.133047,-0.965985,0.191225,-0.236576,1.546,0.322882,-0.854589,1.89938,-0.699403,-1.53871,0.96446,-1.2047,-0.164737,-0.623478,0.583724,0.933578,-1.18308,0.0290338,1.61152,-0.482115,2.28696,0.455255,-1.17045,-1.48352,-0.77037,-1.52355,-0.723483,
-0.501037,2.40476,-1.4773,-0.133047,-0.965985,0.191225,-0.236576,1.546,0.322882,-0.854589,1.89938,0.939903,-1.53871,0.96446,-1.2047,1.26914,-0.623478,0.583724,-0.846253,-1.18308,0.0290338,1.61152,-1.94039,2.56829,2.38765,-1.18839,1.29139,-0.653161,1.77133,-0.609558,
-0.501037,2.40476,-1.4773,-0.133047,-0.965985,0.191225,-0.236576,1.546,0.322882,-0.854589,1.89938,-0.573933,-1.53871,0.96446,-1.2047,1.25574,-0.623478,0.583724,-1.59976,-1.18308,0.0290338,1.61152,-1.24759,1.21528,-0.436398,0.821134,-1.97908,-2.69994,2.09127,1.36457,
-0.501037,2.40476,-1.4773,-0.133047,-0.965985,0.191225,-0.236576,1.546,0.322882,-0.854589,1.89938,0.30784,-1.53871,0.96446,-1.2047,0.768283,-0.623478,0.583724,-1.56901,-1.18308,0.0290338,1.61152,-1.28511,1.28558,-0.0880713,2.4928,1.23048,-0.60656,2.06169,-0.651977,
-0.501037,2.40476,-1.4773,-0.133047,-0.965985,0.191225,-0.236576,1.546,0.322882,-0.854589,1.89938,0.61886,-1.53871,0.96446,-1.2047,0.331594,-0.623478,0.583724,0.724119,-1.18308,0.0290338,1.61152,-2.29764,-0.729552,-1.63611,-0.297563,0.711225,-0.598137,-0.835425,1.85952,
-0.501037,2.40476,-1.4773,-0.133047,-0.965985,0.191225,-0.236576,1.546,0.322882,-0.854589,1.89938,-2.68394,-1.53871,0.96446,-1.2047,0.55477,-0.623478,0.583724,-2.19123,-1.18308,0.0290338,1.61152,-2.74571,2.15611,0.482382,2.05567,1.52832,0.207274,-0.613043,1.17132,
-0.501037,2.40476,-1.4773,-0.133047,-0.965985,0.191225,-0.236576,1.546,0.322882,-0.854589,1.89938,-0.991785,-1.53871,0.96446,-1.2047,-0.145851,-0.623478,0.583724,-0.215711,-1.18308,0.0290338,1.61152,1.09603,3.63132,-4.21245,-1.64517,-0.0602743,1.02356,-0.519417,-1.69567,
-0.501037,2.40476,-1.4773,-0.133047,-0.965985,0.191225,-0.236576,1.546,0.322882,-0.854589,1.89938,-0.909101,-1.53871,0.96446,-1.2047,0.223409,-0.623478,0.583724,0.121541,-1.18308,0.0290338,1.61152,-1.60122,0.122597,-0.663556,0.385738,0.928346,1.67157,-0.541344,0.305901,
-0.501037,2.40476,-1.4773,-0.133047,-0.965985,0.191225,-0.236576,1.546,0.322882,-0.854589,1.89938,-0.794844,-1.53871,0.96446,-1.2047,-0.718546,-0.623478,0.583724,-1.23929,-1.18308,0.0290338,1.61152,-1.7516,1.22131,-2.88267,0.429228,0.527065,0.850843,1.34738,-3.13523,
-0.501037,2.40476,-1.4773,-0.133047,-0.965985,0.191225,-0.236576,1.546,0.322882,-0.854589,1.89938,-3.76737,-1.53871,0.96446,-1.2047,1.89881,-0.623478,0.583724,-0.238304,-1.18308,0.0290338,1.61152,-1.41038,3.18707,-1.45712,1.96066,-2.03785,-0.875694,1.48071,-0.638547,
-0.501037,2.40476,-1.4773,-0.133047,-0.965985,0.191225,-0.236576,1.546,0.322882,-0.854589,1.89938,-2.01117,-1.53871,0.96446,-1.2047,-0.487519,-0.623478,0.583724,-1.52131,-1.18308,0.0290338,1.61152,0.460807,1.80292,-0.752749,0.349064,0.238718,0.60443,0.173571,-1.86958,
-0.501037,2.40476,-1.4773,-0.133047,-0.965985,0.191225,-0.236576,1.546,0.322882,-0.854589,1.89938,-1.54802,-1.53871,0.96446,-1.2047,1.33399,-0.623478,0.583724,0.192424,-1.18308,0.0290338,1.61152,-1.06351,0.562595,0.209366,1.35251,-0.532031,1.60293,-0.790478,0.146152,
-0.501037,2.40476,-1.4773,-0.133047,-0.965985,0.191225,-0.236576,1.546,0.322882,-0.854589,1.89938,-0.919298,-1.53871,0.96446,-1.2047,2.65184,-0.623478,0.583724,-0.0918402,-1.18308,0.0290338,1.61152,-2.1285,-0.951984,-1.42402,-1.36547,-2.16423,1.25701,-2.53379,0.137246,
-0.501037,2.40476,-1.4773,-0.133047,-0.965985,0.191225,-0.236576,1.546,0.322882,-0.854589,1.89938,-0.154733,-1.53871,0.96446,-1.2047,1.40987,-0.623478,0.583724,1.02143,-1.18308,0.0290338,1.61152,-0.0594194,2.01685,0.503764,-0.241266,-1.27541,-2.05684,-0.178991,-2.62513,
-0.501037,2.40476,-1.4773,-0.133047,-0.965985,0.191225,-0.236576,1.546,0.322882,-0.854589,1.89938,-0.706139,-1.53871,0.96446,-1.2047,0.977621,-0.623478,0.583724,0.317792,-1.18308,0.0290338,1.61152,0.208699,2.17191,0.0993835,2.58652,-0.908881,-0.903164,1.01758,1.59625,
-0.501037,2.40476,-1.4773,-0.133047,-0.965985,0.191225,-0.236576,1.546,0.322882,-0.854589,1.89938,-0.886385,-1.53871,0.96446,-1.2047,1.07839,-0.623478,0.583724,-0.837851,-1.18308,0.0290338,1.61152,-1.43699,1.7751,-1.76647,-0.433915,-2.30851,1.79538,0.747066,-0.573862,
-0.501037,2.40476,-1.4773,-0.133047,-0.965985,0.191225,-0.236576,1.546,0.322882,-0.854589,1.89938,-1.47635,-1.53871,0.96446,-1.2047,1.31812,-0.623478,0.583724,0.153737,-1.18308,0.0290338,1.61152,-1.25222,0.344002,-0.0488478,0.949831,0.0829712,-2.73225,0.0423786,-1.68101,
-0.501037,2.40476,-1.4773,-0.133047,-0.965985,0.191225,-0.236576,1.546,0.322882,-0.854589,1.89938,-0.663639,-1.53871,0.96446,-1.2047,2.31166,-0.623478,0.583724,0.756337,-1.18308,0.0290338,1.61152,-0.443254,3.45116,-0.510021,0.749506,-0.192552,0.938466,-2.14532,-1.65699,
-0.501037,2.40476,-1.4773,-0.133047,-0.965985,0.191225,-0.236576,1.546,0.322882,-0.854589,1.89938,0.137003,-1.53871,0.96446,-1.2047,0.738141,-0.623478,0.583724,-0.178519,-1.18308,0.0290338,1.61152,-1.7855,-0.139441,-0.865553,0.362934,-1.58151,0.716864,0.982299,0.147279,
-0.501037,2.40476,-1.4773,-0.133047,-0.965985,0.191225,-0.236576,1.546,0.322882,-0.854589,1.89938,-0.240445,-1.53871,0.96446,-1.2047,0.147027,-0.623478,0.583724,1.01057,-1.18308,0.0290338,1.61152,-1.6194,1.05358,-1.63611,-1.87365,-1.60634,-3.0645,-0.556223,-1.12269,
-0.501037,2.40476,-1.4773,-0.133047,-0.965985,0.191225,-0.236576,1.546,0.322882,-0.854589,1.89938,-1.19356,-1.53871,0.96446,-1.2047,0.27016,-0.623478,0.583724,-0.36066,-1.18308,0.0290338,1.61152,1.01189,0.0435233,-0.206447,-0.270541,-0.96904,-0.284659,-1.70275,3.6485,
-0.501037,2.40476,-1.4773,-0.133047,-0.965985,0.191225,-0.236576,1.546,0.322882,-0.854589,1.89938,-1.2949,-1.53871,0.96446,-1.2047,0.366919,-0.623478,0.583724,-1.29345,-1.18308,0.0290338,1.61152,-0.199401,1.35054,-0.469182,1.94033,-0.931257,0.582989,0.41388,-1.88484,
-0.501037,2.40476,-1.4773,-0.133047,-0.965985,0.191225,-0.236576,1.546,0.322882,-0.854589,1.89938,-1.94468,-1.53871,0.96446,-1.2047,1.65127,-0.623478,0.583724,0.144442,-1.18308,0.0290338,1.61152,-1.15557,1.92417,-0.335999,-0.937851,-0.183676,0.301,0.93206,0.291169,
-0.501037,2.40476,-1.4773,-0.133047,-0.965985,0.191225,-0.236576,1.546,0.322882,-0.854589,1.89938,-0.57718,-1.53871,0.96446,-1.2047,0.884211,-0.623478,0.583724,-1.19836,-1.18308,0.0290338,1.61152,-1.01939,0.822981,-1.65386,0.0855873,1.90255,0.125427,-1.28437,-0.670414,
-0.501037,2.40476,-1.4773,-0.133047,-0.965985,0.191225,-0.236576,1.546,0.322882,-0.854589,1.89938,-0.546558,-1.53871,0.96446,-1.2047,-1.25925,-0.623478,0.583724,-0.80533,-1.18308,0.0290338,1.61152,-0.909632,0.253743,-4.04113,1.17625,-0.838906,0.168615,0.210467,-3.17188,
-0.501037,2.40476,-1.4773,-0.133047,-0.965985,0.191225,-0.236576,1.546,0.322882,-0.854589,1.89938,-0.0682314,-1.53871,0.96446,-1.2047,-0.802708,-0.623478,0.583724,0.939221,-1.18308,0.0290338,1.61152,-0.221387,-0.00850936,-1.86185,-2.50662,1.24789,-1.89362,1.51976,0.680617,
-0.501037,2.40476,-1.4773,-0.133047,-0.965985,0.191225,-0.236576,1.546,0.322882,-0.854589,1.89938,-2.65597,-1.53871,0.96446,-1.2047,-0.201306,-0.623478,0.583724,-0.993954,-1.18308,0.0290338,1.61152,-1.31204,1.41832,-1.78362,1.80642,-0.813288,-0.0555329,0.790128,0.466345,
-0.501037,2.40476,-1.4773,-0.133047,-0.965985,0.191225,-0.236576,1.546,0.322882,-0.854589,1.89938,0.387297,-1.53871,0.96446,-1.2047,2.07088,-0.623478,0.583724,-0.702141,-1.18308,0.0290338,1.61152,-3.22407,1.56187,-1.91191,0.406611,-0.380992,0.644272,0.901718,0.597294,
-0.501037,2.40476,-1.4773,-0.133047,-0.965985,0.191225,-0.236576,1.546,0.322882,-0.854589,1.89938,-0.919298,-1.53871,0.96446,-1.2047,1.64422,-0.623478,0.583724,-0.621999,-1.18308,0.0290338,1.61152,-1.71118,0.744745,2.52246,-1.1776,-0.138605,-0.161263,0.178896,0.327159,
-0.501037,2.40476,-1.4773,-0.133047,-0.965985,0.191225,-0.236576,1.546,0.322882,-0.854589,1.89938,-1.32604,-1.53871,0.96446,-1.2047,0.538096,-0.623478,0.583724,0.279549,-1.18308,0.0290338,1.61152,-0.725207,0.484448,-2.9985,2.86866,-0.725823,-0.5276,0.227132,0.541745,
-0.501037,2.40476,-1.4773,-0.133047,-0.965985,0.191225,-0.236576,1.546,0.322882,-0.854589,1.89938,-1.57655,-1.53871,0.96446,-1.2047,0.981493,-0.623478,0.583724,-1.83482,-1.18308,0.0290338,1.61152,-1.22409,0.776321,-0.331057,-1.92104,2.68333,0.599127,-0.835425,-0.0935292,
-0.501037,2.40476,-1.4773,-0.133047,-0.965985,0.191225,-0.236576,1.546,0.322882,-0.854589,1.89938,-2.2057,-1.53871,0.96446,-1.2047,0.146163,-0.623478,0.583724,0.222661,-1.18308,0.0290338,1.61152,-0.378769,1.70509,1.00029,0.49449,1.22195,-1.42921,-0.898148,0.326859,
-0.501037,2.40476,-1.4773,-0.133047,-0.965985,0.191225,-0.236576,1.546,0.322882,-0.854589,1.89938,-1.34689,-1.53871,0.96446,-1.2047,-0.169303,-0.623478,0.583724,-0.332027,-1.18308,0.0290338,1.61152,-1.23687,1.69207,-2.94052,0.966154,1.36671,-1.01701,0.552691,-3.13523,
-0.501037,2.40476,-1.4773,-0.133047,-0.965985,0.191225,-0.236576,1.546,0.322882,-0.854589,1.89938,0.493479,-1.53871,0.96446,-1.2047,-0.64222,-0.623478,0.583724,0.686248,-1.18308,0.0290338,1.61152,-0.715466,3.14423,-0.277975,-0.190116,-1.11926,1.60293,0.799371,-0.128173,
-0.501037,2.40476,-1.4773,-0.133047,-0.965985,0.191225,-0.236576,1.546,0.322882,-0.854589,1.89938,-1.49675,-1.53871,0.96446,-1.2047,2.27969,-0.623478,0.583724,0.454638,-1.18308,0.0290338,1.61152,-1.45794,1.41797,-0.904571,-1.13789,-0.445191,0.138969,-1.37465,-1.72905,
-0.501037,2.40476,-1.4773,-0.133047,-0.965985,0.191225,-0.236576,1.546,0.322882,-0.854589,1.89938,-2.36752,-1.53871,0.96446,-1.2047,0.428797,-0.623478,0.583724,0.509838,-1.18308,0.0290338,1.61152,-0.610085,-0.405807,-0.521379,1.78852,-1.58151,0.136264,-0.757366,-1.65361,
-0.501037,2.40476,-1.4773,-0.133047,-0.965985,0.191225,-0.236576,1.546,0.322882,-0.854589,1.89938,-1.72737,-1.53871,0.96446,-1.2047,1.11177,-0.623478,0.583724,1.08761,-1.18308,0.0290338,1.61152,-1.91819,1.93598,1.53659,3.50554,0.250625,-0.245733,1.13927,-0.87532,
-0.501037,2.40476,-1.4773,-0.133047,-0.965985,0.191225,-0.236576,1.546,0.322882,-0.854589,1.89938,-1.20149,-1.53871,0.96446,-1.2047,1.04691,-0.623478,0.583724,-1.25197,-1.18308,0.0290338,1.61152,0.488977,0.47625,-2.04588,-0.179895,-1.83582,0.705867,-0.205469,1.53753,
-0.501037,2.40476,-1.4773,-0.133047,-0.965985,0.191225,-0.236576,1.546,0.322882,-0.854589,1.89938,-0.153238,-1.53871,0.96446,-1.2047,1.35605,-0.623478,0.583724,-1.31534,-1.18308,0.0290338,1.61152,0.937978,1.73977,-0.894659,-1.83993,1.66543,0.162026,1.74484,-0.432851,
-0.501037,2.40476,-1.4773,-0.133047,-0.965985,0.191225,-0.236576,1.546,0.322882,-0.854589,1.89938,-1.52114,-1.53871,0.96446,-1.2047,1.57748,-0.623478,0.583724,-0.176755,-1.18308,0.0290338,1.61152,-2.22103,-0.408671,-0.591616,-0.318325,0.951531,-0.681269,0.210467,1.67823,
-0.501037,2.40476,-1.4773,-0.133047,-0.965985,0.191225,-0.236576,1.546,0.322882,-0.854589,1.89938,-0.441817,-1.53871,0.96446,-1.2047,-0.194242,-0.623478,0.583724,0.724119,-1.18308,0.0290338,1.61152,-0.412765,-0.509886,-2.85994,0.883296,-0.222214,0.910649,0.779689,2.78809,
-0.501037,2.40476,-1.4773,-0.133047,-0.965985,0.191225,-0.236576,1.546,0.322882,-0.854589,1.89938,-1.91511,-1.53871,0.96446,-1.2047,0.704152,-0.623478,0.583724,0.680835,-1.18308,0.0290338,1.61152,-1.77993,1.8721,-2.31229,0.952542,-3.54734,-1.37438,-0.228672,2.46216,
-0.501037,2.40476,-1.4773,-0.133047,-0.965985,0.191225,-0.236576,1.546,0.322882,-0.854589,1.89938,-0.686842,-1.53871,0.96446,-1.2047,0.36422,-0.623478,0.583724,-1.59081,-1.18308,0.0290338,1.61152,-2.56376,1.55627,-1.89307,-0.167348,0.794748,0.299991,-1.81144,0.413928,
-0.501037,2.40476,-1.4773,-0.133047,-0.965985,0.191225,-0.236576,1.546,0.322882,-0.854589,1.89938,-2.80836,-1.53871,0.96446,-1.2047,1.75466,-0.623478,0.583724,-0.245709,-1.18308,0.0290338,1.61152,-1.66176,1.08545,-0.194343,-1.42336,-2.07745,-0.338889,0.0306293,-0.385036,
-0.501037,2.40476,-1.4773,-0.133047,-0.965985,0.191225,-0.236576,1.546,0.322882,-0.854589,1.89938,-0.629923,-1.53871,0.96446,-1.2047,-0.147436,-0.623478,0.583724,0.385429,-1.18308,0.0290338,1.61152,-2.22205,1.19385,-0.894659,-0.109471,-1.36918,0.527856,-0.146479,-1.78098,
-0.501037,2.40476,-1.4773,-0.133047,-0.965985,0.191225,-0.236576,1.546,0.322882,-0.854589,1.89938,0.334866,-1.53871,0.96446,-1.2047,0.857422,-0.623478,0.583724,-1.62773,-1.18308,0.0290338,1.61152,-2.32657,-1.38065,-2.08459,-2.29295,-0.0562464,-1.98456,-1.45319,0.721665,
-0.501037,2.40476,-1.4773,-0.133047,-0.965985,0.191225,-0.236576,1.546,0.322882,-0.854589,1.89938,-1.6114,-1.53871,0.96446,-1.2047,2.09061,-0.623478,0.583724,0.742399,-1.18308,0.0290338,1.61152,-1.25502,0.818928,-2.02344,1.9276,-1.21221,1.36218,0.61924,0.519979,
-0.501037,2.40476,-1.4773,-0.133047,-0.965985,0.191225,-0.236576,1.546,0.322882,-0.854589,1.89938,-2.75985,-1.53871,0.96446,-1.2047,0.944688,-0.623478,0.583724,1.09221,-1.18308,0.0290338,1.61152,-2.8477,0.12151,-1.492,0.745165,1.39535,1.25701,0.619703,2.2606,
-0.501037,2.40476,-1.4773,-0.133047,-0.965985,0.191225,-0.236576,1.546,0.322882,-0.854589,1.89938,-1.81438,-1.53871,0.96446,-1.2047,2.74401,-0.623478,0.583724,0.076595,-1.18308,0.0290338,1.61152,-1.55982,0.0303644,-1.32565,1.70827,1.27698,-0.829241,0.106594,-0.407549,
-0.501037,2.40476,-1.4773,-0.133047,-0.965985,0.191225,-0.236576,1.546,0.322882,-0.854589,1.89938,-3.20486,-1.53871,0.96446,-1.2047,2.65171,-0.623478,0.583724,-1.24697,-1.18308,0.0290338,1.61152,-1.43407,0.846089,0.177622,-1.27328,-0.341175,0.927216,2.31334,1.77048,
-0.501037,2.40476,-1.4773,-0.133047,-0.965985,0.191225,-0.236576,1.546,0.322882,-0.854589,1.89938,-0.00942861,-1.53871,0.96446,-1.2047,1.66642,-0.623478,0.583724,-1.80846,-1.18308,0.0290338,1.61152,-1.87099,0.919518,1.09432,1.19159,-0.980011,3.47227,0.173571,0.848673,
-0.501037,2.40476,-1.4773,-0.133047,-0.965985,0.191225,-0.236576,1.546,0.322882,-0.854589,1.89938,-0.265231,-1.53871,0.96446,-1.2047,1.35605,-0.623478,0.583724,0.802574,-1.18308,0.0290338,1.61152,-0.412765,1.28751,-0.793264,-0.0777,3.27436,-0.190241,-2.40947,-0.606161,
-0.501037,2.40476,-1.4773,-0.133047,-0.965985,0.191225,-0.236576,1.546,0.322882,-0.854589,1.89938,-1.00311,-1.53871,0.96446,-1.2047,1.8104,-0.623478,0.583724,-2.59183,-1.18308,0.0290338,1.61152,-1.98156,1.91481,-1.22605,-0.395085,-2.15917,2.26366,0.932316,-1.02039,
-0.501037,2.40476,-1.4773,-0.133047,-0.965985,0.191225,-0.236576,1.546,0.322882,-0.854589,1.89938,-2.48778,-1.53871,0.96446,-1.2047,0.799546,-0.623478,0.583724,-0.264355,-1.18308,0.0290338,1.61152,-1.4597,-0.456384,0.81033,3.02337,-0.980714,0.335119,-0.147699,0.0754953,
-0.501037,2.40476,-1.4773,-0.133047,-0.965985,0.191225,-0.236576,1.546,0.322882,-0.854589,1.89938,-1.63146,-1.53871,0.96446,-1.2047,0.42711,-0.623478,0.583724,-0.629773,-1.18308,0.0290338,1.61152,-0.0891251,1.41832,1.45531,-0.464554,-0.605932,1.30411,-0.0437026,1.864,
-0.501037,2.40476,-1.4773,-0.133047,-0.965985,0.191225,-0.236576,1.546,0.322882,-0.854589,1.89938,-1.96968,-1.53871,0.96446,-1.2047,0.853021,-0.623478,0.583724,-1.57945,-1.18308,0.0290338,1.61152,-0.757986,-0.760769,2.34296,0.995229,-0.619956,-0.698377,-1.22852,-1.22426,
-0.501037,2.40476,-1.4773,-0.133047,-0.965985,0.191225,-0.236576,1.546,0.322882,-0.854589,1.89938,-1.0692,-1.53871,0.96446,-1.2047,1.0634,-0.623478,0.583724,-1.06883,-1.18308,0.0290338,1.61152,-2.23582,0.706975,-1.23288,-0.861308,1.39535,-0.343809,-0.0458963,0.413033,
-0.501037,2.40476,-1.4773,-0.133047,-0.965985,0.191225,-0.236576,1.546,0.322882,-0.854589,1.89938,-1.36078,-1.53871,0.96446,-1.2047,1.94477,-0.623478,0.583724,-1.0374,-1.18308,0.0290338,1.61152,-1.12865,-0.379179,-2.78818,1.02371,-0.171122,2.91106,1.53265,1.43428,
-0.501037,2.40476,-1.4773,-0.133047,-0.965985,0.191225,-0.236576,1.546,0.322882,-0.854589,1.89938,-3.12673,-1.53871,0.96446,-1.2047,0.791622,-0.623478,0.583724,-2.05367,-1.18308,0.0290338,1.61152,-0.251188,-0.903034,0.411709,2.36228,0.152101,0.0356638,-0.0311807,0.754846,
-0.501037,2.40476,-1.4773,-0.133047,-0.965985,0.191225,-0.236576,1.546,0.322882,-0.854589,1.89938,-0.0728336,-1.53871,0.96446,-1.2047,2.09115,-0.623478,0.583724,-1.22929,-1.18308,0.0290338,1.61152,-0.946769,-0.221502,0.692357,2.41652,0.58672,1.05201,0.55125,0.981207,
-0.501037,2.40476,-1.4773,-0.133047,-0.965985,0.191225,-0.236576,1.546,0.322882,-0.854589,1.89938,-0.630943,-1.53871,0.96446,-1.2047,1.93001,-0.623478,0.583724,-0.554956,-1.18308,0.0290338,1.61152,-2.50169,-0.302694,1.70217,-0.223942,-0.364104,1.81509,-0.927171,-1.39804,
-0.501037,2.40476,-1.4773,-0.133047,-0.965985,0.191225,-0.236576,1.546,0.322882,-0.854589,1.89938,-2.97692,-1.53871,0.96446,-1.2047,0.533927,-0.623478,0.583724,0.222661,-1.18308,0.0290338,1.61152,-1.88748,0.105389,-0.145142,3.73921,-0.529575,0.96558,1.34738,-0.213045,
-0.501037,2.40476,-1.4773,-0.133047,-0.965985,0.191225,-0.236576,1.546,0.322882,-0.854589,1.89938,-2.08932,-1.53871,0.96446,-1.2047,0.533927,-0.623478,0.583724,0.00232672,-1.18308,0.0290338,1.61152,-0.704979,0.705176,0.07376,0.468006,-2.09156,-0.097147,2.28396,1.42645,
-0.501037,2.40476,-1.4773,-0.133047,-0.965985,0.191225,-0.236576,1.546,0.322882,-0.854589,1.89938,-1.05525,-1.53871,0.96446,-1.2047,-1.02823,-0.623478,0.583724,0.23076,-1.18308,0.0290338,1.61152,0.702823,0.140366,0.0964085,1.3044,-2.24388,0.750914,-0.989419,-1.39804,
-0.501037,2.40476,-1.4773,-0.133047,-0.965985,0.191225,-0.236576,1.546,0.322882,-0.854589,1.89938,-1.15839,-1.53871,0.96446,-1.2047,0.566217,-0.623478,0.583724,0.301745,-1.18308,0.0290338,1.61152,-2.06217,0.407177,-0.259758,1.29797,0.332972,-2.45411,-2.70627,-0.494358,
-0.501037,2.40476,-1.4773,-0.133047,-0.965985,0.191225,-0.236576,1.546,0.322882,-0.854589,1.89938,0.256697,-1.53871,0.96446,-1.2047,0.687914,-0.623478,0.583724,-0.531197,-1.18308,0.0290338,1.61152,-1.30444,3.61842,-2.9349,-0.530466,-1.5656,-0.634384,1.4863,-0.494358,
-0.501037,2.40476,-1.4773,-0.133047,-0.965985,0.191225,-0.236576,1.546,0.322882,-0.854589,1.89938,-1.00311,-1.53871,0.96446,-1.2047,-0.201306,-0.623478,0.583724,-1.04265,-1.18308,0.0290338,1.61152,-1.41391,1.93494,0.312095,2.66289,-1.38433,0.135808,1.31545,0.397943,
-0.501037,2.40476,-1.4773,-0.133047,-0.965985,0.191225,-0.236576,1.546,0.322882,-0.854589,1.89938,-2.65597,-1.53871,0.96446,-1.2047,-0.463384,-0.623478,0.583724,-1.59976,-1.18308,0.0290338,1.61152,-1.8356,-0.13735,-0.672615,2.14008,0.630311,2.56062,-1.19562,-1.18045,
-0.501037,2.40476,-1.4773,-0.133047,-0.965985,0.191225,-0.236576,1.546,0.322882,-0.854589,1.89938,-1.19927,-1.53871,0.96446,-1.2047,0.687914,-0.623478,0.583724,-0.873433,-1.18308,0.0290338,1.61152,-1.61144,-0.38442,-0.656254,2.32088,1.49243,0.263615,1.04963,-0.657401,
-0.501037,2.40476,-1.4773,-0.133047,-0.965985,0.191225,-0.236576,1.546,0.322882,-0.854589,1.89938,-0.777574,-1.53871,0.96446,-1.2047,-1.63969,-0.623478,0.583724,0.880143,-1.18308,0.0290338,1.61152,-1.87647,1.08353,1.68977,1.35613,0.0432832,0.374301,-1.33574,-0.13797,
-0.501037,2.40476,-1.4773,-0.133047,-0.965985,0.191225,-0.236576,1.546,0.322882,-0.854589,1.89938,-0.49626,-1.53871,0.96446,-1.2047,0.791622,-0.623478,0.583724,-0.307096,-1.18308,0.0290338,1.61152,-1.74869,-0.415152,-0.819054,2.64019,-1.41957,0.104295,0.0306293,1.24745,
-0.501037,2.40476,-1.4773,-0.133047,-0.965985,0.191225,-0.236576,1.546,0.322882,-0.854589,1.89938,-2.17056,-1.53871,0.96446,-1.2047,1.14517,-0.623478,0.583724,-2.98049,-1.18308,0.0290338,1.61152,-1.47051,1.76397,-1.14778,1.27109,1.05327,1.93742,-0.505425,-2.40085,
-0.501037,2.40476,-1.4773,-0.133047,-0.965985,0.191225,-0.236576,1.546,0.322882,-0.854589,1.89938,-2.10513,-1.53871,0.96446,-1.2047,0.0269147,-0.623478,0.583724,-0.133616,-1.18308,0.0290338,1.61152,0.106199,1.74059,-3.55187,1.72897,0.877913,-3.3362,-1.52668,-2.53307,
-0.501037,2.40476,-1.4773,-0.133047,-0.965985,0.191225,-0.236576,1.546,0.322882,-0.854589,1.89938,-1.64589,-1.53871,0.96446,-1.2047,1.24211,-0.623478,0.583724,-1.05653,-1.18308,0.0290338,1.61152,0.0349362,1.49067,1.30484,0.252616,-0.509608,-3.26027,0.636195,1.08564,
-0.501037,2.40476,-1.4773,-0.133047,-0.965985,0.191225,-0.236576,1.546,0.322882,-0.854589,1.89938,-1.86299,-1.53871,0.96446,-1.2047,-1.01888,-0.623478,0.583724,-0.0856905,-1.18308,0.0290338,1.61152,-1.60122,2.00277,0.394641,0.493373,0.581497,-1.64805,-2.22605,1.09916,
-0.501037,2.40476,-1.4773,-0.133047,-0.965985,0.191225,-0.236576,1.546,0.322882,-0.854589,1.89938,-1.13381,-1.53871,0.96446,-1.2047,1.04417,-0.623478,0.583724,0.576958,-1.18308,0.0290338,1.61152,-1.35493,1.19633,-0.349518,1.53487,0.759027,-2.45411,-0.425254,-1.81085,
-0.501037,2.40476,-1.4773,-0.133047,-0.965985,0.191225,-0.236576,1.546,0.322882,-0.854589,1.89938,-0.409785,-1.53871,0.96446,-1.2047,1.64434,-0.623478,0.583724,-1.4061,-1.18308,0.0290338,1.61152,1.60245,1.43871,-1.70881,-1.13789,1.05541,0.0264189,1.18181,-1.40216,
-0.501037,2.40476,-1.4773,-0.133047,-0.965985,0.191225,-0.236576,1.546,0.322882,-0.854589,1.89938,-0.852746,-1.53871,0.96446,-1.2047,-0.14332,-0.623478,0.583724,0.468311,-1.18308,0.0290338,1.61152,-0.849981,1.55351,1.28445,1.00013,2.32025,-0.190241,-1.28868,-0.0739265,
-0.501037,2.40476,-1.4773,-0.133047,-0.965985,0.191225,-0.236576,1.546,0.322882,-0.854589,1.89938,0.412819,-1.53871,0.96446,-1.2047,0.863011,-0.623478,0.583724,-0.503429,-1.18308,0.0290338,1.61152,-1.40853,0.346411,-1.23863,-2.27833,0.0232103,0.429854,0.00718719,0.293445,
-0.501037,2.40476,-1.4773,-0.133047,-0.965985,0.191225,-0.236576,1.546,0.322882,-0.854589,1.89938,-1.11658,-1.53871,0.96446,-1.2047,0.503507,-0.623478,0.583724,-1.41651,-1.18308,0.0290338,1.61152,-2.52637,-0.210812,1.8375,-1.40953,-2.24169,0.938466,-1.28868,1.17132,
-0.501037,2.40476,-1.4773,-0.133047,-0.965985,0.191225,-0.236576,1.546,0.322882,-0.854589,1.89938,-0.686842,-1.53871,0.96446,-1.2047,0.738384,-0.623478,0.583724,-0.985187,-1.18308,0.0290338,1.61152,-1.56737,0.828748,-2.82238,0.949831,-1.05112,-1.7339,0.594834,-1.00575,
-0.501037,2.40476,-1.4773,-0.133047,-0.965985,0.191225,-0.236576,1.546,0.322882,-0.854589,1.89938,-2.10513,-1.53871,0.96446,-1.2047,0.785189,-0.623478,0.583724,-1.15781,-1.18308,0.0290338,1.61152,-0.661964,2.47988,-0.193104,0.203477,-0.125363,1.32531,0.164689,-2.56994,
-0.501037,2.40476,-1.4773,-0.133047,-0.965985,0.191225,-0.236576,1.546,0.322882,-0.854589,1.89938,-1.29944,-1.53871,0.96446,-1.2047,0.0599083,-0.623478,0.583724,-1.05542,-1.18308,0.0290338,1.61152,-2.01086,0.867613,-1.43721,1.23416,0.117788,2.30258,-0.24171,-2.17422,
-0.501037,2.40476,-1.4773,-0.133047,-0.965985,0.191225,-0.236576,1.546,0.322882,-0.854589,1.89938,-1.31834,-1.53871,0.96446,-1.2047,0.973181,-0.623478,0.583724,-0.115356,-1.18308,0.0290338,1.61152,0.134212,2.1641,-2.20411,0.0257472,-0.258406,0.047493,0.706555,-0.662063,
-0.501037,2.40476,-1.4773,-0.133047,-0.965985,0.191225,-0.236576,1.546,0.322882,-0.854589,1.89938,-0.98026,-1.53871,0.96446,-1.2047,0.185024,-0.623478,0.583724,-0.62553,-1.18308,0.0290338,1.61152,-1.77272,1.70509,-1.68609,1.34561,-0.749712,-0.178595,-0.22235,-0.40846,
-0.501037,2.40476,-1.4773,-0.133047,-0.965985,0.191225,-0.236576,1.546,0.322882,-0.854589,1.89938,1.16908,-1.53871,0.96446,-1.2047,1.24179,-0.623478,0.583724,0.939221,-1.18308,0.0290338,1.61152,-2.91988,-0.573396,1.30707,0.569844,-0.205585,1.87357,-2.23084,1.01151,
-0.501037,2.40476,-1.4773,-0.133047,-0.965985,0.191225,-0.236576,1.546,0.322882,-0.854589,1.89938,-1.93377,-1.53871,0.96446,-1.2047,-0.383334,-0.623478,0.583724,-0.396412,-1.18308,0.0290338,1.61152,-2.1505,0.752564,-0.621923,2.49753,-0.830708,-0.873901,0.890071,1.40722,
-0.501037,2.40476,-1.4773,-0.133047,-0.965985,0.191225,-0.236576,1.546,0.322882,-0.854589,1.89938,-0.963308,-1.53871,0.96446,-1.2047,-0.14332,-0.623478,0.583724,-2.59741,-1.18308,0.0290338,1.61152,-0.945282,2.42647,-1.20635,3.78246,-0.239919,1.01095,-1.11565,2.82568,
-0.501037,2.40476,-1.4773,-0.133047,-0.965985,0.191225,-0.236576,1.546,0.322882,-0.854589,1.89938,-0.111434,-1.53871,0.96446,-1.2047,0.603477,-0.623478,0.583724,-0.554205,-1.18308,0.0290338,1.61152,-1.81961,0.822981,-4.21245,-3.49415,-0.772301,1.24993,0.00718719,0.446864,
-0.501037,2.40476,-1.4773,-0.133047,-0.965985,0.191225,-0.236576,1.546,0.322882,-0.854589,1.89938,-1.66142,-1.53871,0.96446,-1.2047,-2.14886,-0.623478,0.583724,0.221918,-1.18308,0.0290338,1.61152,-0.702294,1.49067,-2.6613,0.299591,-0.138605,-0.881431,-1.69331,-0.935301,
-0.501037,2.40476,-1.4773,-0.133047,-0.965985,0.191225,-0.236576,1.546,0.322882,-0.854589,1.89938,-0.315278,-1.53871,0.96446,-1.2047,1.3267,-0.623478,0.583724,-0.656465,-1.18308,0.0290338,1.61152,-1.25561,-0.815485,1.81076,-1.14921,0.67562,0.349463,-1.60091,1.46281,
-0.501037,2.40476,-1.4773,-0.133047,-0.965985,0.191225,-0.236576,1.546,0.322882,-0.854589,1.89938,-1.86413,-1.53871,0.96446,-1.2047,2.13974,-0.623478,0.583724,-1.11006,-1.18308,0.0290338,1.61152,-1.24381,-0.120478,-0.222278,-1.27249,0.485692,1.39511,-0.230524,1.56405,
-0.501037,2.40476,-1.4773,-0.133047,-0.965985,0.191225,-0.236576,1.546,0.322882,-0.854589,1.89938,-1.86586,-1.53871,0.96446,-1.2047,0.62228,-0.623478,0.583724,-1.98893,-1.18308,0.0290338,1.61152,-0.629827,1.07042,0.856178,-0.239433,2.01915,-2.47618,-0.230524,2.93118,
-0.501037,2.40476,-1.4773,-0.133047,-0.965985,0.191225,-0.236576,1.546,0.322882,-0.854589,1.89938,-0.112023,-1.53871,0.96446,-1.2047,0.252173,-0.623478,0.583724,-1.23527,-1.18308,0.0290338,1.61152,-1.78441,1.99135,-1.35036,-0.937851,-2.25325,-0.292764,-1.91768,2.19646,
-0.501037,2.40476,-1.4773,-0.133047,-0.965985,0.191225,-0.236576,1.546,0.322882,-0.854589,1.89938,-0.409785,-1.53871,0.96446,-1.2047,0.453298,-0.623478,0.583724,-0.88256,-1.18308,0.0290338,1.61152,-0.0651485,2.13327,0.377195,1.60634,1.35777,2.03103,0.158184,-0.97517,
-0.501037,2.40476,-1.4773,-0.133047,-0.965985,0.191225,-0.236576,1.546,0.322882,-0.854589,1.89938,-1.92599,-1.53871,0.96446,-1.2047,1.65822,-0.623478,0.583724,-0.445618,-1.18308,0.0290338,1.61152,-1.05187,4.92297,-1.4237,1.02618,0.193298,0.328089,-0.956559,2.08623,
-0.501037,2.40476,-1.4773,-0.133047,-0.965985,0.191225,-0.236576,1.546,0.322882,-0.854589,1.89938,-0.556995,-1.53871,0.96446,-1.2047,1.23892,-0.623478,0.583724,0.00667366,-1.18308,0.0290338,1.61152,-1.47051,1.12779,1.30112,-0.44554,1.2489,0.720954,-2.0805,-1.01852,
-0.501037,2.40476,-1.4773,-0.133047,-0.965985,0.191225,-0.236576,1.546,0.322882,-0.854589,1.89938,-2.01117,-1.53871,0.96446,-1.2047,0.686303,-0.623478,0.583724,-0.583832,-1.18308,0.0290338,1.61152,-2.20755,1.69585,2.96531,0.10799,-0.222214,0.132201,-1.47848,0.0614631,
-0.501037,2.40476,-1.4773,-0.133047,-0.965985,0.191225,-0.236576,1.546,0.322882,-0.854589,1.89938,-1.90443,-1.53871,0.96446,-1.2047,0.984449,-0.623478,0.583724,-0.290258,-1.18308,0.0290338,1.61152,0.00635955,2.26988,0.739977,1.4746,-1.1698,0.389241,0.762445,1.00653,
-0.501037,2.40476,-1.4773,-0.133047,-0.965985,0.191225,-0.236576,1.546,0.322882,-0.854589,1.89938,-1.48473,-1.53871,0.96446,-1.2047,0.97901,-0.623478,0.583724,-0.326604,-1.18308,0.0290338,1.61152,-3.22407,2.08285,0.323164,-1.90861,1.16677,-1.12786,-0.956559,0.338718,
-0.501037,2.40476,-1.4773,-0.133047,-0.965985,0.191225,-0.236576,1.546,0.322882,-0.854589,1.89938,-1.72318,-1.53871,0.96446,-1.2047,1.71394,-0.623478,0.583724,0.183069,-1.18308,0.0290338,1.61152,0.147631,0.1944,0.516329,1.81004,0.377776,-0.495127,1.50359,0.413928,
-0.501037,2.40476,-1.4773,-0.133047,-0.965985,0.191225,-0.236576,1.546,0.322882,-0.854589,1.89938,1.36081,-1.53871,0.96446,-1.2047,1.31863,-0.623478,0.583724,-0.57308,-1.18308,0.0290338,1.61152,-1.52963,3.11332,-2.94052,1.72921,-2.33452,3.75434,1.57295,-0.58947,
-0.501037,2.40476,-1.4773,-0.133047,-0.965985,0.191225,-0.236576,1.546,0.322882,-0.854589,1.89938,-1.6114,-1.53871,0.96446,-1.2047,1.68431,-0.623478,0.583724,-1.49004,-1.18308,0.0290338,1.61152,-1.13282,-0.193068,0.171731,1.88538,0.030782,0.310304,0.148389,-0.965467,
-0.501037,2.40476,-1.4773,-0.133047,-0.965985,0.191225,-0.236576,1.546,0.322882,-0.854589,1.89938,-1.40761,-1.53871,0.96446,-1.2047,2.46141,-0.623478,0.583724,-1.4332,-1.18308,0.0290338,1.61152,-2.16892,2.12425,-1.92284,0.483209,1.24789,0.496051,-4.6254,0.370357,
-0.501037,2.40476,-1.4773,-0.133047,-0.965985,0.191225,-0.236576,1.546,0.322882,-0.854589,1.89938,-0.7426,-1.53871,0.96446,-1.2047,0.427467,-0.623478,0.583724,-0.0663832,-1.18308,0.0290338,1.61152,-0.432838,1.09464,-1.89516,0.619283,-1.64787,-1.29108,-1.02422,1.48537,
-0.501037,2.40476,-1.4773,-0.133047,-0.965985,0.191225,-0.236576,1.546,0.322882,-0.854589,1.89938,-2.78431,-1.53871,0.96446,-1.2047,0.146163,-0.623478,0.583724,-0.559606,-1.18308,0.0290338,1.61152,-1.66515,1.37857,-0.46168,2.33291,0.965325,-2.73225,-1.8509,-0.877955,
-0.501037,2.40476,-1.4773,-0.133047,-0.965985,0.191225,-0.236576,1.546,0.322882,-0.854589,1.89938,-1.81367,-1.53871,0.96446,-1.2047,1.621,-0.623478,0.583724,-1.74374,-1.18308,0.0290338,1.61152,-0.740845,3.38929,-0.0999563,-0.199985,-0.534347,-0.80718,-0.112879,-0.350101,
-0.501037,2.40476,-1.4773,-0.133047,-0.965985,0.191225,-0.236576,1.546,0.322882,-0.854589,1.89938,-1.83493,-1.53871,0.96446,-1.2047,1.23847,-0.623478,0.583724,-0.302377,-1.18308,0.0290338,1.61152,-1.54322,1.05191,0.751325,0.1694,-0.912093,-0.75658,-0.984231,1.13364,
-0.501037,2.40476,-1.4773,-0.133047,-0.965985,0.191225,-0.236576,1.546,0.322882,-0.854589,1.89938,0.0569742,-1.53871,0.96446,-1.2047,0.00134741,-0.623478,0.583724,-1.28315,-1.18308,0.0290338,1.61152,-1.05187,0.85608,-1.0002,-0.594694,1.29515,0.162954,-0.475073,-1.46064,
-0.501037,2.40476,-1.4773,-0.133047,-0.965985,0.191225,-0.236576,1.546,0.322882,-0.854589,1.89938,-1.92098,-1.53871,0.96446,-1.2047,0.0614485,-0.623478,0.583724,0.0665401,-1.18308,0.0290338,1.61152,-0.634026,-0.032473,-1.2249,-1.92104,-0.793401,-2.61686,-2.08468,-0.656836,
-0.501037,2.40476,-1.4773,-0.133047,-0.965985,0.191225,-0.236576,1.546,0.322882,-0.854589,1.89938,-1.46316,-1.53871,0.96446,-1.2047,1.13784,-0.623478,0.583724,0.354761,-1.18308,0.0290338,1.61152,-2.13223,1.88376,0.603331,2.4928,0.809743,-3.36455,-0.617794,-0.935301,
-0.501037,2.40476,-1.4773,-0.133047,-0.965985,0.191225,-0.236576,1.546,0.322882,-0.854589,1.89938,-1.29981,-1.53871,0.96446,-1.2047,0.484,-0.623478,0.583724,-1.5514,-1.18308,0.0290338,1.61152,-1.06399,0.788507,-0.210158,0.628869,1.24789,0.820754,-0.0107487,-0.877955,
-0.501037,2.40476,-1.4773,-0.133047,-0.965985,0.191225,-0.236576,1.546,0.322882,-0.854589,1.89938,0.499127,-1.53871,0.96446,-1.2047,2.62374,-0.623478,0.583724,-0.993954,-1.18308,0.0290338,1.61152,-0.221387,0.82921,-0.351042,0.744525,-1.21339,-1.8502,0.509727,1.61879,
-0.501037,2.40476,-1.4773,-0.133047,-0.965985,0.191225,-0.236576,1.546,0.322882,-0.854589,1.89938,-0.0475006,-1.53871,0.96446,-1.2047,2.20162,-0.623478,0.583724,0.472481,-1.18308,0.0290338,1.61152,-2.11889,1.05358,-2.33958,0.0144105,-1.65759,1.36957,-0.654747,-1.47138,
-0.501037,2.40476,-1.4773,-0.133047,-0.965985,0.191225,-0.236576,1.546,0.322882,-0.854589,1.89938,-0.720446,-1.53871,0.96446,-1.2047,-0.736534,-0.623478,0.583724,1.71516,-1.18308,0.0290338,1.61152,0.274248,0.793939,1.57381,-0.638823,-2.15917,-1.38636,-0.195977,-2.05689,
-0.501037,2.40476,-1.4773,-0.133047,-0.965985,0.191225,-0.236576,1.546,0.322882,-0.854589,1.89938,-2.90271,-1.53871,0.96446,-1.2047,1.28473,-0.623478,0.583724,0.359304,-1.18308,0.0290338,1.61152,-0.547849,0.63872,1.16305,-1.32161,-1.82502,-1.91508,0.212991,-0.404202,
-0.501037,2.40476,-1.4773,-0.133047,-0.965985,0.191225,-0.236576,1.546,0.322882,-0.854589,1.89938,-0.49626,-1.53871,0.96446,-1.2047,0.243984,-0.623478,0.583724,-0.040892,-1.18308,0.0290338,1.61152,-1.61926,0.196862,-2.10967,-1.32023,-0.968008,0.168615,-1.25085,2.63878,
-0.501037,2.40476,-1.4773,-0.133047,-0.965985,0.191225,-0.236576,1.546,0.322882,-0.854589,1.89938,0.288563,-1.53871,0.96446,-1.2047,-0.291618,-0.623478,0.583724,0.233835,-1.18308,0.0290338,1.61152,-0.962033,2.49986,-2.8272,0.744525,-2.8069,-0.0302106,-0.462736,-0.171937,
-0.501037,2.40476,-1.4773,-0.133047,-0.965985,0.191225,-0.236576,1.546,0.322882,-0.854589,1.89938,-1.32604,-1.53871,0.96446,-1.2047,1.50643,-0.623478,0.583724,-1.5153,-1.18308,0.0290338,1.61152,-0.816444,3.52439,-0.842512,2.48061,1.06237,-2.4406,-0.971923,0.531072,
-0.501037,2.40476,-1.4773,-0.133047,-0.965985,0.191225,-0.236576,1.546,0.322882,-0.854589,1.89938,-1.37279,-1.53871,0.96446,-1.2047,-1.90357,-0.623478,0.583724,-0.536039,-1.18308,0.0290338,1.61152,-0.836686,0.63872,0.975067,3.22989,-0.782281,1.51517,0.722935,1.84233,
-0.501037,2.40476,-1.4773,-0.133047,-0.965985,0.191225,-0.236576,1.546,0.322882,-0.854589,1.89938,-1.02602,-1.53871,0.96446,-1.2047,2.07088,-0.623478,0.583724,-0.279458,-1.18308,0.0290338,1.61152,-1.0207,1.43522,-0.861879,0.824586,-1.47389,-0.681269,-2.3659,1.46281,
-0.501037,2.40476,-1.4773,-0.133047,-0.965985,0.191225,-0.236576,1.546,0.322882,-0.854589,1.89938,-0.723105,-1.53871,0.96446,-1.2047,1.10127,-0.623478,0.583724,-1.88682,-1.18308,0.0290338,1.61152,-3.09294,0.911242,-0.0116709,0.747228,0.706136,1.9927,1.36646,0.722191,
-0.501037,2.40476,-1.4773,-0.133047,-0.965985,0.191225,-0.236576,1.546,0.322882,-0.854589,1.89938,-1.12794,-1.53871,0.96446,-1.2047,1.44791,-0.623478,0.583724,-0.316762,-1.18308,0.0290338,1.61152,-1.02386,0.387086,-0.149235,1.41299,1.0345,-1.31007,0.124169,-0.381696,
-0.501037,2.40476,-1.4773,-0.133047,-0.965985,0.191225,-0.236576,1.546,0.322882,-0.854589,1.89938,-1.12865,-1.53871,0.96446,-1.2047,-0.318789,-0.623478,0.583724,0.00232672,-1.18308,0.0290338,1.61152,-0.608444,1.86784,-1.43538,3.06276,-2.24729,-0.221127,-0.781395,1.25358,
-0.501037,2.40476,-1.4773,-0.133047,-0.965985,0.191225,-0.236576,1.546,0.322882,-0.854589,1.89938,-2.07968,-1.53871,0.96446,-1.2047,-1.00176,-0.623478,0.583724,-0.627525,-1.18308,0.0290338,1.61152,-1.32946,1.96364,-0.42107,-0.856214,-2.83796,-0.493637,-1.13373,0.657323,
-0.501037,2.40476,-1.4773,-0.133047,-0.965985,0.191225,-0.236576,1.546,0.322882,-0.854589,1.89938,-0.657681,-1.53871,0.96446,-1.2047,1.34357,-0.623478,0.583724,-2.81806,-1.18308,0.0290338,1.61152,-2.14958,1.0077,1.50143,-3.03718,-0.34294,-0.681269,-0.253946,-0.626112,
-0.501037,2.40476,-1.4773,-0.133047,-0.965985,0.191225,-0.236576,1.546,0.322882,-0.854589,1.89938,-2.74087,-1.53871,0.96446,-1.2047,0.170831,-0.623478,0.583724,0.939221,-1.18308,0.0290338,1.61152,-1.30444,2.51254,-0.187845,-2.09909,0.581497,-2.71972,-1.45319,-2.34099,
-0.501037,2.40476,-1.4773,-0.133047,-0.965985,0.191225,-0.236576,1.546,0.322882,-0.854589,1.89938,-0.963308,-1.53871,0.96446,-1.2047,1.53531,-0.623478,0.583724,-1.09884,-1.18308,0.0290338,1.61152,0.281056,0.274966,-0.70779,1.34805,-0.529254,-0.199943,-0.5399,0.78689,
-0.501037,2.40476,-1.4773,-0.133047,-0.965985,0.191225,-0.236576,1.546,0.322882,-0.854589,1.89938,-1.55426,-1.53871,0.96446,-1.2047,0.725725,-0.623478,0.583724,1.10155,-1.18308,0.0290338,1.61152,-2.00684,1.74384,-0.416243,-0.241266,1.95964,-0.823292,0.203675,-1.03809,
-0.501037,2.40476,-1.4773,-0.133047,-0.965985,0.191225,-0.236576,1.546,0.322882,-0.854589,1.89938,-2.17604,-1.53871,0.96446,-1.2047,-0.384283,-0.623478,0.583724,-1.48488,-1.18308,0.0290338,1.61152,-2.38821,1.14906,-3.0474,-0.729625,-2.86019,1.61607,-1.04463,0.528654,
-0.501037,2.40476,-1.4773,-0.133047,-0.965985,0.191225,-0.236576,1.546,0.322882,-0.854589,1.89938,-2.05602,-1.53871,0.96446,-1.2047,1.94981,-0.623478,0.583724,0.546395,-1.18308,0.0290338,1.61152,-2.69977,-0.151888,-2.51113,0.0624325,-0.0310679,2.06555,-0.61154,-0.421696,
-0.501037,2.40476,-1.4773,-0.133047,-0.965985,0.191225,-0.236576,1.546,0.322882,-0.854589,1.89938,-1.50471,-1.53871,0.96446,-1.2047,-0.120186,-0.623478,0.583724,-0.556991,-1.18308,0.0290338,1.61152,-0.698974,-0.987256,-0.47534,-0.156197,0.388518,-1.57033,-1.36089,2.38839,
-0.501037,2.40476,-1.4773,-0.133047,-0.965985,0.191225,-0.236576,1.546,0.322882,-0.854589,1.89938,-2.78431,-1.53871,0.96446,-1.2047,2.62374,-0.623478,0.583724,0.638276,-1.18308,0.0290338,1.61152,-1.40451,1.85141,-1.42133,0.529884,-1.62485,3.41975,-0.362606,-0.823087,
-0.501037,2.40476,-1.4773,-0.133047,-0.965985,0.191225,-0.236576,1.546,0.322882,-0.854589,1.89938,-0.919298,-1.53871,0.96446,-1.2047,1.96991,-0.623478,0.583724,-1.13414,-1.18308,0.0290338,1.61152,-1.48434,1.55351,-0.789807,1.41104,-0.0563886,0.401513,-0.320074,1.13364,
-0.501037,2.40476,-1.4773,-0.133047,-0.965985,0.191225,-0.236576,1.546,0.322882,-0.854589,1.89938,-1.16128,-1.53871,0.96446,-1.2047,0.785189,-0.623478,0.583724,-0.121372,-1.18308,0.0290338,1.61152,-1.63232,-0.345391,-1.40979,-0.651091,1.06459,0.145188,0.151017,-1.56993,
-0.501037,2.40476,-1.4773,-0.133047,-0.965985,0.191225,-0.236576,1.546,0.322882,-0.854589,1.89938,-0.865423,-1.53871,0.96446,-1.2047,0.646875,-0.623478,0.583724,-0.467257,-1.18308,0.0290338,1.61152,0.391745,3.63132,1.8375,-1.5535,-0.772263,0.503257,0.497473,-0.0935292,
-0.501037,2.40476,-1.4773,-0.133047,-0.965985,0.191225,-0.236576,1.546,0.322882,-0.854589,1.89938,-1.61061,-1.53871,0.96446,-1.2047,3.83885,-0.623478,0.583724,0.172489,-1.18308,0.0290338,1.61152,-2.10416,-0.243018,-0.276149,-2.57783,-0.813288,0.565869,0.746188,-0.612101,
-0.501037,2.40476,-1.4773,-0.133047,-0.965985,0.191225,-0.236576,1.546,0.322882,-0.854589,1.89938,-2.08376,-1.53871,0.96446,-1.2047,0.0880183,-0.623478,0.583724,0.535742,-1.18308,0.0290338,1.61152,-1.64129,2.34397,-1.81693,-0.967168,-0.339961,3.45812,0.456748,1.77048,
-0.501037,2.40476,-1.4773,-0.133047,-0.965985,0.191225,-0.236576,1.546,0.322882,-0.854589,1.89938,-0.628705,-1.53871,0.96446,-1.2047,0.340306,-0.623478,0.583724,-1.27399,-1.18308,0.0290338,1.61152,-0.625998,-0.136742,-0.655816,0.429228,-1.698,1.61064,-2.08055,0.66298,
-0.501037,2.40476,-1.4773,-0.133047,-0.965985,0.191225,-0.236576,1.546,0.322882,-0.854589,1.89938,-1.21926,-1.53871,0.96446,-1.2047,0.337789,-0.623478,0.583724,-1.41214,-1.18308,0.0290338,1.61152,-0.0111574,0.822981,-1.44439,0.584315,-0.109482,1.20865,-1.83914,-0.559015,
-0.501037,2.40476,-1.4773,-0.133047,-0.965985,0.191225,-0.236576,1.546,0.322882,-0.854589,1.89938,-1.26849,-1.53871,0.96446,-1.2047,0.523672,-0.623478,0.583724,-1.5097,-1.18308,0.0290338,1.61152,-2.05542,1.33767,-2.37763,-0.151641,-0.3878,2.01211,0.617322,0.0176693,
-0.501037,2.40476,-1.4773,-0.133047,-0.965985,0.191225,-0.236576,1.546,0.322882,-0.854589,1.89938,-2.29973,-1.53871,0.96446,-1.2047,1.75404,-0.623478,0.583724,-0.109609,-1.18308,0.0290338,1.61152,-1.05187,3.1369,-2.6038,-0.952434,1.23832,2.03152,-1.11565,-0.388484,
-0.501037,2.40476,-1.4773,-0.133047,-0.965985,0.191225,-0.236576,1.546,0.322882,-0.854589,1.89938,-2.93863,-1.53871,0.96446,-1.2047,2.19939,-0.623478,0.583724,0.119099,-1.18308,0.0290338,1.61152,-0.827519,1.24147,1.3529,-2.29295,0.975041,0.60443,-0.316331,-0.97517,
-0.501037,2.40476,-1.4773,-0.133047,-0.965985,0.191225,-0.236576,1.546,0.322882,-0.854589,1.89938,-3.44444,-1.53871,0.96446,-1.2047,1.01233,-0.623478,0.583724,-0.366143,-1.18308,0.0290338,1.61152,1.21149,1.80494,-1.94832,-0.530972,1.60449,1.77364,-0.972893,0.721665,
-0.501037,2.40476,-1.4773,-0.133047,-0.965985,0.191225,-0.236576,1.546,0.322882,-0.854589,1.89938,0.649769,-1.53871,0.96446,-1.2047,0.809978,-0.623478,0.583724,0.195843,-1.18308,0.0290338,1.61152,-1.48749,0.52918,-1.4656,0.248356,-0.0985903,0.512647,0.031691,-0.108549,
-0.501037,2.40476,-1.4773,-0.133047,-0.965985,0.191225,-0.236576,1.546,0.322882,-0.854589,1.89938,-0.82381,-1.53871,0.96446,-1.2047,-0.691185,-0.623478,0.583724,-1.60113,-1.18308,0.0290338,1.61152,-0.780958,1.59189,-0.145142,2.16011,-0.0317203,-0.245733,-0.663337,2.96582,
-0.501037,2.40476,-1.4773,-0.133047,-0.965985,0.191225,-0.236576,1.546,0.322882,-0.854589,1.89938,-2.37996,-1.53871,0.96446,-1.2047,-0.702267,-0.623478,0.583724,-0.302377,-1.18308,0.0290338,1.61152,-1.1055,3.71999,-0.684937,1.34772,2.20903,1.12901,1.82386,0.273512,
-0.501037,2.40476,-1.4773,-0.133047,-0.965985,0.191225,-0.236576,1.546,0.322882,-0.854589,1.89938,-1.52114,-1.53871,0.96446,-1.2047,0.910999,-0.623478,0.583724,0.214284,-1.18308,0.0290338,1.61152,-1.18627,0.82921,-2.20584,0.784003,0.368202,0.582989,2.31408,-0.80887,
-0.501037,2.40476,-1.4773,-0.133047,-0.965985,0.191225,-0.236576,1.546,0.322882,-0.854589,1.89938,-0.695547,-1.53871,0.96446,-1.2047,1.68793,-0.623478,0.583724,-3.39896,-1.18308,0.0290338,1.61152,-0.247409,4.63626,-2.46713,0.907156,1.60449,-1.23072,-0.497116,0.409844,
-0.501037,2.40476,-1.4773,-0.133047,-0.965985,0.191225,-0.236576,1.546,0.322882,-0.854589,1.89938,-1.99531,-1.53871,0.96446,-1.2047,0.257002,-0.623478,0.583724,1.69444,-1.18308,0.0290338,1.61152,-2.42178,0.077395,-1.94781,0.784003,-2.0726,-3.13254,-0.77382,-0.80887,
-0.501037,2.40476,-1.4773,-0.133047,-0.965985,0.191225,-0.236576,1.546,0.322882,-0.854589,1.89938,-1.50206,-1.53871,0.96446,-1.2047,1.47529,-0.623478,0.583724,0.598834,-1.18308,0.0290338,1.61152,-2.83045,-1.14565,1.16305,0.582134,0.152101,-2.07291,-1.24004,1.54212,
-0.501037,2.40476,-1.4773,-0.133047,-0.965985,0.191225,-0.236576,1.546,0.322882,-0.854589,1.89938,-0.406119,-1.53871,0.96446,-1.2047,1.65127,-0.623478,0.583724,0.885976,-1.18308,0.0290338,1.61152,-1.98276,-0.62748,-0.0660997,2.82103,-1.2737,-1.80586,-0.85133,1.07776,
-0.501037,2.40476,-1.4773,-0.133047,-0.965985,0.191225,-0.236576,1.546,0.322882,-0.854589,1.89938,-1.14247,-1.53871,0.96446,-1.2047,-0.589791,-0.623478,0.583724,-1.19119,-1.18308,0.0290338,1.61152,-0.889338,-0.0776165,-0.500455,1.60634,-1.65691,1.25111,1.41656,-1.32172,
-0.501037,2.40476,-1.4773,-0.133047,-0.965985,0.191225,-0.236576,1.546,0.322882,-0.854589,1.89938,-2.03605,-1.53871,0.96446,-1.2047,0.78506,-0.623478,0.583724,-0.88256,-1.18308,0.0290338,1.61152,-1.22322,1.17357,-0.426641,1.22466,-1.37961,-0.534257,-2.94718,-2.55707,
-0.501037,2.40476,-1.4773,-0.133047,-0.965985,0.191225,-0.236576,1.546,0.322882,-0.854589,1.89938,0.697548,-1.53871,0.96446,-1.2047,0.359516,-0.623478,0.583724,-1.51776,-1.18308,0.0290338,1.61152,-0.512039,-1.28569,0.183225,-0.71682,-1.04237,-0.122116,-3.03776,-1.81699,
-0.501037,2.40476,-1.4773,-0.133047,-0.965985,0.191225,-0.236576,1.546,0.322882,-0.854589,1.89938,-1.80283,-1.53871,0.96446,-1.2047,1.39313,-0.623478,0.583724,-0.998117,-1.18308,0.0290338,1.61152,-1.02847,-0.17438,-0.472292,0.245167,0.639587,0.817561,2.32025,-0.278328,
-0.501037,2.40476,-1.4773,-0.133047,-0.965985,0.191225,-0.236576,1.546,0.322882,-0.854589,1.89938,-0.364436,-1.53871,0.96446,-1.2047,1.50611,-0.623478,0.583724,0.16045,-1.18308,0.0290338,1.61152,-0.321749,2.14877,-0.927127,-0.705624,-1.23013,0.328257,-1.12185,1.37038,
-0.501037,2.40476,-1.4773,-0.133047,-0.965985,0.191225,-0.236576,1.546,0.322882,-0.854589,1.89938,0.164601,-1.53871,0.96446,-1.2047,1.53531,-0.623478,0.583724,-0.975551,-1.18308,0.0290338,1.61152,-1.30048,-0.813706,-2.40769,-1.58804,-0.629355,1.50063,0.256104,1.42645,
-0.501037,2.40476,-1.4773,-0.133047,-0.965985,0.191225,-0.236576,1.546,0.322882,-0.854589,1.89938,-1.87469,-1.53871,0.96446,-1.2047,1.58825,-0.623478,0.583724,0.223117,-1.18308,0.0290338,1.61152,0.458316,0.63872,-0.39495,0.883296,-0.414509,-0.0131271,-2.10021,-0.0401714,
-0.501037,2.40476,-1.4773,-0.133047,-0.965985,0.191225,-0.236576,1.546,0.322882,-0.854589,1.89938,-1.47635,-1.53871,0.96446,-1.2047,0.452527,-0.623478,0.583724,0.153737,-1.18308,0.0290338,1.61152,-0.403654,-0.231784,0.361915,2.63475,0.0551312,-0.518604,-0.351246,-0.0782882,
-0.501037,2.40476,-1.4773,-0.133047,-0.965985,0.191225,-0.236576,1.546,0.322882,-0.854589,1.89938,-2.04848,-1.53871,0.96446,-1.2047,-0.384236,-0.623478,0.583724,0.660479,-1.18308,0.0290338,1.61152,-1.74088,1.75831,-2.30688,0.815852,2.07733,-1.98456,-0.411545,0.664815,
-0.501037,2.40476,-1.4773,-0.133047,-0.965985,0.191225,-0.236576,1.546,0.322882,-0.854589,1.89938,-0.98026,-1.53871,0.96446,-1.2047,0.897227,-0.623478,0.583724,-2.06248,-1.18308,0.0290338,1.61152,-1.54322,1.3644,-1.4237,1.24718,1.05327,-3.42537,-0.387442,0.55562,
-0.501037,2.40476,-1.4773,-0.133047,-0.965985,0.191225,-0.236576,1.546,0.322882,-0.854589,1.89938,0.355152,-1.53871,0.96446,-1.2047,0.700223,-0.623478,0.583724,-0.922034,-1.18308,0.0290338,1.61152,0.155833,-0.850637,-0.446208,2.9514,0.383007,-0.790675,-2.0748,2.33139,
-0.501037,2.40476,-1.4773,-0.133047,-0.965985,0.191225,-0.236576,1.546,0.322882,-0.854589,1.89938,-2.22425,-1.53871,0.96446,-1.2047,-0.481043,-0.623478,0.583724,2.25052,-1.18308,0.0290338,1.61152,-0.92372,3.37983,-1.24654,-1.12878,-1.60368,0.590025,-4.12152,-2.34099,
-0.501037,2.40476,-1.4773,-0.133047,-0.965985,0.191225,-0.236576,1.546,0.322882,-0.854589,1.89938,-3.03582,-1.53871,0.96446,-1.2047,0.382088,-0.623478,0.583724,0.917224,-1.18308,0.0290338,1.61152,-0.303081,0.524571,-2.65391,2.1193,-0.89676,1.61064,1.00673,-0.556542,
-0.501037,2.40476,-1.4773,-0.133047,-0.965985,0.191225,-0.236576,1.546,0.322882,-0.854589,1.89938,-2.23749,-1.53871,0.96446,-1.2047,0.0960135,-0.623478,0.583724,-1.69228,-1.18308,0.0290338,1.61152,-2.68142,-0.415597,0.323164,0.0976345,1.56537,-0.401095,-1.27869,1.864,
-0.501037,2.40476,-1.4773,-0.133047,-0.965985,0.191225,-0.236576,1.546,0.322882,-0.854589,1.89938,0.758482,-1.53871,0.96446,-1.2047,1.01957,-0.623478,0.583724,0.222661,-1.18308,0.0290338,1.61152,-2.63371,1.21639,-0.425031,-1.00025,-1.60634,2.76507,-0.00221651,-0.900136,
-0.501037,2.40476,-1.4773,-0.133047,-0.965985,0.191225,-0.236576,1.546,0.322882,-0.854589,1.89938,-2.14412,-1.53871,0.96446,-1.2047,1.68798,-0.623478,0.583724,-0.792638,-1.18308,0.0290338,1.61152,-0.84109,-0.911281,-0.21718,1.47316,-1.41957,0.451506,1.2421,-1.06431,
-0.501037,2.40476,-1.4773,-0.133047,-0.965985,0.191225,-0.236576,1.546,0.322882,-0.854589,1.89938,-1.3286,-1.53871,0.96446,-1.2047,1.621,-0.623478,0.583724,0.580344,-1.18308,0.0290338,1.61152,-1.15138,0.400464,1.35832,1.58724,-1.61154,-1.10481,-0.492991,-2.29672,
-0.501037,2.40476,-1.4773,-0.133047,-0.965985,0.191225,-0.236576,1.546,0.322882,-0.854589,1.89938,-2.82039,-1.53871,0.96446,-1.2047,-0.266052,-0.623478,0.583724,-0.756365,-1.18308,0.0290338,1.61152,-1.60122,1.51731,1.35182,2.48669,-0.605406,-0.396225,-0.856861,0.636674,
-0.501037,2.40476,-1.4773,-0.133047,-0.965985,0.191225,-0.236576,1.546,0.322882,-0.854589,1.89938,-0.993123,-1.53871,0.96446,-1.2047,0.36133,-0.623478,0.583724,-1.73144,-1.18308,0.0290338,1.61152,-0.780266,0.196862,-0.736531,0.857685,0.111925,0.345409,-0.835425,-0.876389,
-0.501037,2.40476,-1.4773,-0.133047,-0.965985,0.191225,-0.236576,1.546,0.322882,-0.854589,1.89938,-0.474109,-1.53871,0.96446,-1.2047,-2.05314,-0.623478,0.583724,0.492875,-1.18308,0.0290338,1.61152,-0.175091,-0.732791,-1.10689,2.31628,0.506413,0.047493,0.624328,-1.65361,
-0.501037,2.40476,-1.4773,-0.133047,-0.965985,0.191225,-0.236576,1.546,0.322882,-0.854589,1.89938,-0.468271,-1.53871,0.96446,-1.2047,-0.150604,-0.623478,0.583724,0.604447,-1.18308,0.0290338,1.61152,-2.29468,1.88752,-0.0999563,-2.20492,0.56375,1.14748,-0.564106,1.04962,
-0.501037,2.40476,-1.4773,-0.133047,-0.965985,0.191225,-0.236576,1.546,0.322882,-0.854589,1.89938,-0.909101,-1.53871,0.96446,-1.2047,-0.0552238,-0.623478,0.583724,1.03996,-1.18308,0.0290338,1.61152,-1.8763,1.87087,0.105577,-0.0954101,-0.90773,0.173749,-0.712949,-0.269705,
-0.501037,2.40476,-1.4773,-0.133047,-0.965985,0.191225,-0.236576,1.546,0.322882,-0.854589,1.89938,-1.7531,-1.53871,0.96446,-1.2047,0.890978,-0.623478,0.583724,-1.23022,-1.18308,0.0290338,1.61152,-1.10539,1.14631,-3.54294,-0.987948,1.58745,-3.0645,0.779689,3.06075,
-0.501037,2.40476,-1.4773,-0.133047,-0.965985,0.191225,-0.236576,1.546,0.322882,-0.854589,1.89938,-0.82381,-1.53871,0.96446,-1.2047,-0.142748,-0.623478,0.583724,-0.623455,-1.18308,0.0290338,1.61152,-0.681775,1.11166,1.72978,0.46033,-0.438545,-0.864744,2.63724,1.13736,
-0.501037,2.40476,-1.4773,-0.133047,-0.965985,0.191225,-0.236576,1.546,0.322882,-0.854589,1.89938,-0.993123,-1.53871,0.96446,-1.2047,0.0960135,-0.623478,0.583724,-1.20262,-1.18308,0.0290338,1.61152,-1.13575,0.714057,-0.284786,-0.335145,1.1735,-2.50083,-1.77641,0.230243,
-0.501037,2.40476,-1.4773,-0.133047,-0.965985,0.191225,-0.236576,1.546,0.322882,-0.854589,1.89938,-0.333007,-1.53871,0.96446,-1.2047,0.155014,-0.623478,0.583724,-0.917472,-1.18308,0.0290338,1.61152,-1.6664,0.59864,0.177622,-0.339707,0.897825,1.46896,-0.00221651,0.938709,
-0.501037,2.40476,-1.4773,-0.133047,-0.965985,0.191225,-0.236576,1.546,0.322882,-0.854589,1.89938,-2.82745,-1.53871,0.96446,-1.2047,-0.479814,-0.623478,0.583724,-0.723267,-1.18308,0.0290338,1.61152,-2.79811,-0.852744,-0.464591,0.243497,-1.21221,0.150109,1.34738,-1.40688,
-0.501037,2.40476,-1.4773,-0.133047,-0.965985,0.191225,-0.236576,1.546,0.322882,-0.854589,1.89938,-1.55426,-1.53871,0.96446,-1.2047,0.318947,-0.623478,0.583724,-0.243688,-1.18308,0.0290338,1.61152,-1.96065,0.381037,-0.573982,3.33233,0.6375,-1.25019,1.79381,-1.11482,
-0.501037,2.40476,-1.4773,-0.133047,-0.965985,0.191225,-0.236576,1.546,0.322882,-0.854589,1.89938,-0.332854,-1.53871,0.96446,-1.2047,1.27012,-0.623478,0.583724,0.076595,-1.18308,0.0290338,1.61152,-1.7516,2.00637,-0.743782,-0.155933,-0.0602743,0.138969,-0.556582,-2.41101,
-0.501037,2.40476,-1.4773,-0.133047,-0.965985,0.191225,-0.236576,1.546,0.322882,-0.854589,1.89938,0.770703,-1.53871,0.96446,-1.2047,0.355681,-0.623478,0.583724,-0.332027,-1.18308,0.0290338,1.61152,-1.4822,1.87367,-1.38498,0.883296,0.630311,1.36957,-2.0805,-1.08347,
-0.501037,2.40476,-1.4773,-0.133047,-0.965985,0.191225,-0.236576,1.546,0.322882,-0.854589,1.89938,-0.457184,-1.53871,0.96446,-1.2047,0.135628,-0.623478,0.583724,0.0244108,-1.18308,0.0290338,1.61152,0.341224,2.08285,-1.34945,1.28707,0.527065,0.408119,-0.989308,-0.177212,
-0.501037,2.40476,-1.4773,-0.133047,-0.965985,0.191225,-0.236576,1.546,0.322882,-0.854589,1.89938,0.697548,-1.53871,0.96446,-1.2047,1.2251,-0.623478,0.583724,-0.316762,-1.18308,0.0290338,1.61152,-1.97491,1.28276,0.988333,-0.486473,1.52879,3.47227,1.59528,1.77341,
-0.501037,2.40476,-1.4773,-0.133047,-0.965985,0.191225,-0.236576,1.546,0.322882,-0.854589,1.89938,-1.03593,-1.53871,0.96446,-1.2047,1.1936,-0.623478,0.583724,0.226362,-1.18308,0.0290338,1.61152,-0.984411,3.25333,2.35145,1.66325,0.727516,-0.415266,1.63041,1.08564,
-0.501037,2.40476,-1.4773,-0.133047,-0.965985,0.191225,-0.236576,1.546,0.322882,-0.854589,1.89938,0.0914947,-1.53871,0.96446,-1.2047,-0.0552238,-0.623478,0.583724,-2.31208,-1.18308,0.0290338,1.61152,0.526021,2.27889,1.58922,1.34561,-0.815559,-3.13254,-0.373748,0.666402,
-0.501037,2.40476,-1.4773,-0.133047,-0.965985,0.191225,-0.236576,1.546,0.322882,-0.854589,1.89938,-1.20667,-1.53871,0.96446,-1.2047,0.614474,-0.623478,0.583724,-0.642358,-1.18308,0.0290338,1.61152,-0.309791,0.552708,1.48048,-3.16337,1.39535,-1.0632,-2.41934,-0.591674,
-0.501037,2.40476,-1.4773,-0.133047,-0.965985,0.191225,-0.236576,1.546,0.322882,-0.854589,1.89938,-2.83823,-1.53871,0.96446,-1.2047,-0.85743,-0.623478,0.583724,-1.44457,-1.18308,0.0290338,1.61152,-1.27456,0.705176,-1.83073,0.4711,2.06238,2.19879,-2.40277,-0.672115,
-0.501037,2.40476,-1.4773,-0.133047,-0.965985,0.191225,-0.236576,1.546,0.322882,-0.854589,1.89938,-1.30835,-1.53871,0.96446,-1.2047,3.60947,-0.623478,0.583724,0.863261,-1.18308,0.0290338,1.61152,-0.930789,0.483313,-0.877841,-0.952434,-2.91905,-0.590496,-1.21857,-1.80375,
-0.501037,2.40476,-1.4773,-0.133047,-0.965985,0.191225,-0.236576,1.546,0.322882,-0.854589,1.89938,-0.168331,-1.53871,0.96446,-1.2047,2.56297,-0.623478,0.583724,-0.386148,-1.18308,0.0290338,1.61152,-0.303081,1.90659,-2.15406,0.671016,0.776463,0.820754,2.05859,0.554248,
-0.501037,2.40476,-1.4773,-0.133047,-0.965985,0.191225,-0.236576,1.546,0.322882,-0.854589,1.89938,-0.434172,-1.53871,0.96446,-1.2047,0.984449,-0.623478,0.583724,-0.56097,-1.18308,0.0290338,1.61152,-1.88783,0.253743,-2.46189,0.232399,-0.885773,1.05644,-0.740434,-0.806611,
-0.501037,2.40476,-1.4773,-0.133047,-0.965985,0.191225,-0.236576,1.546,0.322882,-0.854589,1.89938,-1.09053,-1.53871,0.96446,-1.2047,-0.612148,-0.623478,0.583724,1.47574,-1.18308,0.0290338,1.61152,-0.294701,-0.0776165,-1.52093,-0.96513,0.85185,-2.58956,0.351772,-0.318191,
-0.501037,2.40476,-1.4773,-0.133047,-0.965985,0.191225,-0.236576,1.546,0.322882,-0.854589,1.89938,-1.43809,-1.53871,0.96446,-1.2047,1.27677,-0.623478,0.583724,0.554716,-1.18308,0.0290338,1.61152,-1.31312,-0.243018,-0.23559,-0.433915,-0.485573,0.150109,-0.281624,1.94939,
-0.501037,2.40476,-1.4773,-0.133047,-0.965985,0.191225,-0.236576,1.546,0.322882,-0.854589,1.89938,-1.61296,-1.53871,0.96446,-1.2047,1.3249,-0.623478,0.583724,-0.708396,-1.18308,0.0290338,1.61152,-3.57928,0.679134,-0.610251,0.92003,-0.982349,-0.136757,1.03133,0.0282095,
-0.501037,2.40476,-1.4773,-0.133047,-0.965985,0.191225,-0.236576,1.546,0.322882,-0.854589,1.89938,0.758482,-1.53871,0.96446,-1.2047,2.09115,-0.623478,0.583724,-0.592588,-1.18308,0.0290338,1.61152,0.758373,1.55478,-1.84033,0.332866,2.87547,1.48513,1.69852,1.48537,
-0.501037,2.40476,-1.4773,-0.133047,-0.965985,0.191225,-0.236576,1.546,0.322882,-0.854589,1.89938,0.163182,-1.53871,0.96446,-1.2047,1.67407,-0.623478,0.583724,-1.35039,-1.18308,0.0290338,1.61152,-2.07397,-0.171657,-0.964408,0.255301,-2.16423,0.807977,0.0574244,-0.405487,
-0.501037,2.40476,-1.4773,-0.133047,-0.965985,0.191225,-0.236576,1.546,0.322882,-0.854589,1.89938,-1.20763,-1.53871,0.96446,-1.2047,1.00398,-0.623478,0.583724,-2.18028,-1.18308,0.0290338,1.61152,-1.02847,2.34965,-0.663556,-0.870424,0.951531,-1.14401,-0.0586048,0.0357868,
-0.501037,2.40476,-1.4773,-0.133047,-0.965985,0.191225,-0.236576,1.546,0.322882,-0.854589,1.89938,-1.63697,-1.53871,0.96446,-1.2047,0.225543,-0.623478,0.583724,0.10078,-1.18308,0.0290338,1.61152,-0.14279,-1.00399,0.275681,0.568594,-1.91244,0.107038,-0.994456,0.446327,
-0.501037,2.40476,-1.4773,-0.133047,-0.965985,0.191225,-0.236576,1.546,0.322882,-0.854589,1.89938,-1.96075,-1.53871,0.96446,-1.2047,0.294646,-0.623478,0.583724,-1.78328,-1.18308,0.0290338,1.61152,-0.123308,1.61163,-0.787691,1.26012,-0.542563,0.63355,0.305017,-1.43276,
-0.501037,2.40476,-1.4773,-0.133047,-0.965985,0.191225,-0.236576,1.546,0.322882,-0.854589,1.89938,-1.29356,-1.53871,0.96446,-1.2047,0.453298,-0.623478,0.583724,-0.151178,-1.18308,0.0290338,1.61152,-1.77972,-0.34779,-3.85847,-0.96513,1.36671,-1.37569,-0.142873,0.930859,
-0.501037,2.40476,-1.4773,-0.133047,-0.965985,0.191225,-0.236576,1.546,0.322882,-0.854589,1.89938,-0.790037,-1.53871,0.96446,-1.2047,-0.0257843,-0.623478,0.583724,-1.15582,-1.18308,0.0290338,1.61152,-0.498189,1.26728,0.455042,-0.441346,-2.54194,1.26556,-2.30872,-0.222365,
-0.501037,2.40476,-1.4773,-0.133047,-0.965985,0.191225,-0.236576,1.546,0.322882,-0.854589,1.89938,-2.44622,-1.53871,0.96446,-1.2047,0.257002,-0.623478,0.583724,-1.40049,-1.18308,0.0290338,1.61152,-2.23958,-0.332672,-3.50705,1.43258,1.80813,1.38284,-0.799933,-0.178015,
-0.501037,2.40476,-1.4773,-0.133047,-0.965985,0.191225,-0.236576,1.546,0.322882,-0.854589,1.89938,1.21413,-1.53871,0.96446,-1.2047,4.53204,-0.623478,0.583724,0.447134,-1.18308,0.0290338,1.61152,-2.05311,-0.210812,-0.00446055,1.29765,-1.03841,0.263615,-0.443057,-0.582359,
-0.501037,2.40476,-1.4773,-0.133047,-0.965985,0.191225,-0.236576,1.546,0.322882,-0.854589,1.89938,-1.49829,-1.53871,0.96446,-1.2047,0.0802187,-0.623478,0.583724,-0.122925,-1.18308,0.0290338,1.61152,-1.13907,0.13378,-1.02927,1.69698,0.56375,0.558599,0.865977,-2.4107,
-0.501037,2.40476,-1.4773,-0.133047,-0.965985,0.191225,-0.236576,1.546,0.322882,-0.854589,1.89938,-0.123469,-1.53871,0.96446,-1.2047,0.140744,-0.623478,0.583724,-0.122729,-1.18308,0.0290338,1.61152,-1.572,3.22737,-2.82238,-1.1776,-0.0310679,0.640234,-1.16542,-0.58947,
-0.501037,2.40476,-1.4773,-0.133047,-0.965985,0.191225,-0.236576,1.546,0.322882,-0.854589,1.89938,-2.99423,-1.53871,0.96446,-1.2047,0.377517,-0.623478,0.583724,-1.51776,-1.18308,0.0290338,1.61152,-1.82593,0.527793,-1.15226,-0.469587,2.11491,-0.101222,-0.781395,0.636674,
-0.501037,2.40476,-1.4773,-0.133047,-0.965985,0.191225,-0.236576,1.546,0.322882,-0.854589,1.89938,-2.65729,-1.53871,0.96446,-1.2047,1.68798,-0.623478,0.583724,-1.66328,-1.18308,0.0290338,1.61152,-1.51648,-0.667244,-1.47992,-0.0606894,-0.444404,1.62642,-1.70426,0.167553,
-0.501037,2.40476,-1.4773,-0.133047,-0.965985,0.191225,-0.236576,1.546,0.322882,-0.854589,1.89938,-0.433232,-1.53871,0.96446,-1.2047,1.08897,-0.623478,0.583724,1.45118,-1.18308,0.0290338,1.61152,-2.00684,1.83166,-2.29375,0.390222,-0.307071,-0.0362532,0.877146,1.18314,
-0.501037,2.40476,-1.4773,-0.133047,-0.965985,0.191225,-0.236576,1.546,0.322882,-0.854589,1.89938,-1.19106,-1.53871,0.96446,-1.2047,1.67255,-0.623478,0.583724,0.868195,-1.18308,0.0290338,1.61152,-0.83351,-0.0975928,-0.927127,-1.02941,-0.648422,0.0682831,-2.15057,-2.45882,
-0.501037,2.40476,-1.4773,-0.133047,-0.965985,0.191225,-0.236576,1.546,0.322882,-0.854589,1.89938,-2.70299,-1.53871,0.96446,-1.2047,1.48981,-0.623478,0.583724,-1.87336,-1.18308,0.0290338,1.61152,-0.411231,-1.09545,-1.24654,1.29765,1.5807,-0.736027,0.338264,0.932569,
-0.501037,2.40476,-1.4773,-0.133047,-0.965985,0.191225,-0.236576,1.546,0.322882,-0.854589,1.89938,-3.20985,-1.53871,0.96446,-1.2047,0.910781,-0.623478,0.583724,-1.83109,-1.18308,0.0290338,1.61152,0.183843,-1.37651,0.732726,1.09826,-0.136251,0.150109,-1.60091,-0.0490946,
-0.501037,2.40476,-1.4773,-0.133047,-0.965985,0.191225,-0.236576,1.546,0.322882,-0.854589,1.89938,-1.9188,-1.53871,0.96446,-1.2047,0.166496,-0.623478,0.583724,-1.83109,-1.18308,0.0290338,1.61152,-1.18261,-0.870031,-1.74136,2.52251,-1.72875,0.407488,-0.283275,-0.0244924,
-0.501037,2.40476,-1.4773,-0.133047,-0.965985,0.191225,-0.236576,1.546,0.322882,-0.854589,1.89938,0.58563,-1.53871,0.96446,-1.2047,0.898926,-0.623478,0.583724,-0.960556,-1.18308,0.0290338,1.61152,-0.997985,1.69207,0.821477,-1.52667,1.61314,1.92423,-2.00074,-0.539212,
-0.501037,2.40476,-1.4773,-0.133047,-0.965985,0.191225,-0.236576,1.546,0.322882,-0.854589,1.89938,-2.78431,-1.53871,0.96446,-1.2047,0.859173,-0.623478,0.583724,1.13272,-1.18308,0.0290338,1.61152,-1.6664,-0.619991,1.9025,1.27109,1.50358,1.67689,1.71645,-0.350842,
-0.501037,2.40476,-1.4773,-0.133047,-0.965985,0.191225,-0.236576,1.546,0.322882,-0.854589,1.89938,-2.41173,-1.53871,0.96446,-1.2047,-0.534164,-0.623478,0.583724,1.66758,-1.18308,0.0290338,1.61152,-0.874517,0.941397,0.579212,-0.105183,-1.25184,1.40277,-1.59249,-1.12269,
-0.501037,2.40476,-1.4773,-0.133047,-0.965985,0.191225,-0.236576,1.546,0.322882,-0.854589,1.89938,-2.01694,-1.53871,0.96446,-1.2047,1.27012,-0.623478,0.583724,-0.0703937,-1.18308,0.0290338,1.61152,-0.939631,0.671003,1.72978,1.90876,-2.4416,0.125427,1.98755,-0.873789,
-0.501037,2.40476,-1.4773,-0.133047,-0.965985,0.191225,-0.236576,1.546,0.322882,-0.854589,1.89938,-2.44622,-1.53871,0.96446,-1.2047,-0.0440004,-0.623478,0.583724,-0.324531,-1.18308,0.0290338,1.61152,-2.38821,0.571885,-0.309116,0.166605,-1.76345,1.93086,-1.52853,1.3783,
-0.501037,2.40476,-1.4773,-0.133047,-0.965985,0.191225,-0.236576,1.546,0.322882,-0.854589,1.89938,-1.21926,-1.53871,0.96446,-1.2047,0.243984,-0.623478,0.583724,0.756789,-1.18308,0.0290338,1.61152,0.232268,0.655118,1.82349,-2.27235,0.748517,-1.44161,1.98501,0.896719,
-0.501037,2.40476,-1.4773,-0.133047,-0.965985,0.191225,-0.236576,1.546,0.322882,-0.854589,1.89938,0.104527,-1.53871,0.96446,-1.2047,1.20682,-0.623478,0.583724,0.672724,-1.18308,0.0290338,1.61152,-1.94298,0.0126193,-0.743782,-0.831439,-1.41957,-1.56472,1.50359,1.63609,
-0.501037,2.40476,-1.4773,-0.133047,-0.965985,0.191225,-0.236576,1.546,0.322882,-0.854589,1.89938,-0.520337,-1.53871,0.96446,-1.2047,0.417993,-0.623478,0.583724,-1.13037,-1.18308,0.0290338,1.61152,0.213058,2.36675,1.29075,2.65449,0.0605245,-2.58459,-0.590381,-1.4272,
-0.501037,2.40476,-1.4773,-0.133047,-0.965985,0.191225,-0.236576,1.546,0.322882,-0.854589,1.89938,-0.0528168,-1.53871,0.96446,-1.2047,1.52029,-0.623478,0.583724,1.83707,-1.18308,0.0290338,1.61152,-0.610324,2.51254,0.971938,-0.175436,0.975041,1.31028,-1.44312,0.446327,
-0.501037,2.40476,-1.4773,-0.133047,-0.965985,0.191225,-0.236576,1.546,0.322882,-0.854589,1.89938,-2.01451,-1.53871,0.96446,-1.2047,1.39222,-0.623478,0.583724,0.225581,-1.18308,0.0290338,1.61152,-1.73055,-0.032473,-1.29626,0.362934,-0.0553305,1.11225,-0.7608,-2.36691,
-0.501037,2.40476,-1.4773,-0.133047,-0.965985,0.191225,-0.236576,1.546,0.322882,-0.854589,1.89938,-3.38055,-1.53871,0.96446,-1.2047,1.25855,-0.623478,0.583724,0.214284,-1.18308,0.0290338,1.61152,-0.486402,-0.223809,-0.518202,1.47316,-0.0144354,1.31318,0.746188,-3.13776,
-0.501037,2.40476,-1.4773,-0.133047,-0.965985,0.191225,-0.236576,1.546,0.322882,-0.854589,1.89938,-1.26146,-1.53871,0.96446,-1.2047,0.68423,-0.623478,0.583724,0.109129,-1.18308,0.0290338,1.61152,-2.00771,2.28696,-2.76155,-1.38199,0.0422786,-0.144121,0.730812,0.262612,
-0.501037,2.40476,-1.4773,-0.133047,-0.965985,0.191225,-0.236576,1.546,0.322882,-0.854589,1.89938,-0.628705,-1.53871,0.96446,-1.2047,1.17319,-0.623478,0.583724,-0.537629,-1.18308,0.0290338,1.61152,-1.66527,1.44892,-2.15406,-2.69826,-1.04326,1.75883,-0.922595,-1.03809,
-0.501037,2.40476,-1.4773,-0.133047,-0.965985,0.191225,-0.236576,1.546,0.322882,-0.854589,1.89938,-0.690057,-1.53871,0.96446,-1.2047,-0.164737,-0.623478,0.583724,-2.59183,-1.18308,0.0290338,1.61152,-1.69249,-0.36815,-1.53166,-4.05891,-0.414532,0.60846,-3.13378,-0.0401714,
-0.501037,2.40476,-1.4773,-0.133047,-0.965985,0.191225,-0.236576,1.546,0.322882,-0.854589,1.89938,-1.80283,-1.53871,0.96446,-1.2047,0.523672,-0.623478,0.583724,0.447134,-1.18308,0.0290338,1.61152,-1.7039,-1.03541,-0.769843,1.61143,0.194862,0.119453,-2.8251,0.0859055,
-0.501037,2.40476,-1.4773,-0.133047,-0.965985,0.191225,-0.236576,1.546,0.322882,-0.854589,1.89938,-0.90798,-1.53871,0.96446,-1.2047,0.404906,-0.623478,0.583724,0.350272,-1.18308,0.0290338,1.61152,-1.98286,1.68989,-2.40769,0.111737,-1.00647,-0.543988,-0.378796,-0.649419,
-0.501037,2.40476,-1.4773,-0.133047,-0.965985,0.191225,-0.236576,1.546,0.322882,-0.854589,1.89938,-0.364436,-1.53871,0.96446,-1.2047,3.08059,-0.623478,0.583724,-3.0993,-1.18308,0.0290338,1.61152,-0.322148,-0.467639,0.554098,0.0170815,-2.72567,-0.835011,-0.468069,-2.04054,
-0.501037,2.40476,-1.4773,-0.133047,-0.965985,0.191225,-0.236576,1.546,0.322882,-0.854589,1.89938,-3.00514,-1.53871,0.96446,-1.2047,-0.2084,-0.623478,0.583724,-0.359223,-1.18308,0.0290338,1.61152,-0.790576,3.37983,1.65789,-0.530466,0.928346,-1.77988,-2.14532,-0.495966,
-0.501037,2.40476,-1.4773,-0.133047,-0.965985,0.191225,-0.236576,1.546,0.322882,-0.854589,1.89938,-0.263069,-1.53871,0.96446,-1.2047,-0.971789,-0.623478,0.583724,-1.85669,-1.18308,0.0290338,1.61152,-1.16922,-0.260955,-2.50571,-1.51483,0.476397,-1.41571,-0.61439,0.446327,
-0.501037,2.40476,-1.4773,-0.133047,-0.965985,0.191225,-0.236576,1.546,0.322882,-0.854589,1.89938,-0.587415,-1.53871,0.96446,-1.2047,0.889731,-0.623478,0.583724,-2.4995,-1.18308,0.0290338,1.61152,-0.0653868,-1.01249,0.606123,0.691531,-1.65301,-1.98456,0.0817481,-1.43276,
-0.501037,2.40476,-1.4773,-0.133047,-0.965985,0.191225,-0.236576,1.546,0.322882,-0.854589,1.89938,-2.01192,-1.53871,0.96446,-1.2047,0.746268,-0.623478,0.583724,1.47574,-1.18308,0.0290338,1.61152,-0.514516,3.18022,-0.727287,-1.92706,1.67159,0.70996,-1.26748,1.18314,
-0.501037,2.40476,-1.4773,-0.133047,-0.965985,0.191225,-0.236576,1.546,0.322882,-0.854589,1.89938,2.35474,-1.53871,0.96446,-1.2047,-0.962014,-0.623478,0.583724,-1.22207,-1.18308,0.0290338,1.61152,-1.48548,1.11204,-1.27691,3.56642,-0.87626,3.40109,-1.47243,0.370357,
-0.501037,2.40476,-1.4773,-0.133047,-0.965985,0.191225,-0.236576,1.546,0.322882,-0.854589,1.89938,-0.780973,-1.53871,0.96446,-1.2047,0.752854,-0.623478,0.583724,-2.31208,-1.18308,0.0290338,1.61152,-2.39772,1.28276,-1.33846,-2.0698,0.748136,2.50041,2.14795,-1.76045,
-0.501037,2.40476,-1.4773,-0.133047,-0.965985,0.191225,-0.236576,1.546,0.322882,-0.854589,1.89938,0.0443341,-1.53871,0.96446,-1.2047,0.453298,-0.623478,0.583724,0.772906,-1.18308,0.0290338,1.61152,-1.13282,0.0120604,-0.77361,-1.31676,0.266361,1.75515,-0.277775,-1.41586,
-0.501037,2.40476,-1.4773,-0.133047,-0.965985,0.191225,-0.236576,1.546,0.322882,-0.854589,1.89938,-1.57038,-1.53871,0.96446,-1.2047,-0.700718,-0.623478,0.583724,-0.172213,-1.18308,0.0290338,1.61152,-2.39772,-0.387232,0.775582,0.569844,0.506413,0.208691,0.100885,1.95784,
-0.501037,2.40476,-1.4773,-0.133047,-0.965985,0.191225,-0.236576,1.546,0.322882,-0.854589,1.89938,-2.42364,-1.53871,0.96446,-1.2047,-0.295184,-0.623478,0.583724,-1.27407,-1.18308,0.0290338,1.61152,-1.46284,4.63626,-3.19009,0.790975,0.682736,1.79761,-0.867446,-2.86459,
-0.501037,2.40476,-1.4773,-0.133047,-0.965985,0.191225,-0.236576,1.546,0.322882,-0.854589,1.89938,-0.600504,-1.53871,0.96446,-1.2047,0.999503,-0.623478,0.583724,-0.756365,-1.18308,0.0290338,1.61152,-1.80272,0.344002,-1.39679,2.0247,1.929,1.67157,-1.00168,-2.56246,
-0.501037,2.40476,-1.4773,-0.133047,-0.965985,0.191225,-0.236576,1.546,0.322882,-0.854589,1.89938,-0.721841,-1.53871,0.96446,-1.2047,0.195925,-0.623478,0.583724,0.121765,-1.18308,0.0290338,1.61152,-2.3279,1.58209,-0.830249,-0.668946,0.332604,-0.541386,1.08018,-1.45436,
-0.501037,2.40476,-1.4773,-0.133047,-0.965985,0.191225,-0.236576,1.546,0.322882,-0.854589,1.89938,-1.29125,-1.53871,0.96446,-1.2047,-0.281922,-0.623478,0.583724,-0.947808,-1.18308,0.0290338,1.61152,-1.36116,1.18258,1.55165,1.45059,-1.29624,0.393181,-1.47848,1.33186,
-0.501037,2.40476,-1.4773,-0.133047,-0.965985,0.191225,-0.236576,1.546,0.322882,-0.854589,1.89938,0.264087,-1.53871,0.96446,-1.2047,2.08418,-0.623478,0.583724,0.288627,-1.18308,0.0290338,1.61152,-0.698709,0.327652,-0.222278,0.460679,-1.83199,0.980721,0.151017,-0.670414,
-0.501037,2.40476,-1.4773,-0.133047,-0.965985,0.191225,-0.236576,1.546,0.322882,-0.854589,1.89938,-1.47635,-1.53871,0.96446,-1.2047,0.589069,-0.623478,0.583724,-0.200871,-1.18308,0.0290338,1.61152,-2.1285,2.08285,-2.02346,-1.58804,-0.752486,-1.37569,2.02733,-0.541094,
-0.501037,2.40476,-1.4773,-0.133047,-0.965985,0.191225,-0.236576,1.546,0.322882,-0.854589,1.89938,-0.790037,-1.53871,0.96446,-1.2047,2.34198,-0.623478,0.583724,-0.61319,-1.18308,0.0290338,1.61152,-3.58204,2.06106,-1.02335,1.35613,1.10346,-0.0567683,0.0153275,0.464368,
-0.501037,2.40476,-1.4773,-0.133047,-0.965985,0.191225,-0.236576,1.546,0.322882,-0.854589,1.89938,-0.628705,-1.53871,0.96446,-1.2047,2.17665,-0.623478,0.583724,0.447134,-1.18308,0.0290338,1.61152,-1.84448,2.06317,-2.05813,-0.804467,-1.61248,-0.135396,-1.36461,0.376307,
-0.501037,2.40476,-1.4773,-0.133047,-0.965985,0.191225,-0.236576,1.546,0.322882,-0.854589,1.89938,-0.629923,-1.53871,0.96446,-1.2047,1.65127,-0.623478,0.583724,-0.33291,-1.18308,0.0290338,1.61152,-0.219581,0.0917383,-5.17289,2.85457,-0.0310679,0.866306,0.432745,1.99039,
-0.501037,2.40476,-1.4773,-0.133047,-0.965985,0.191225,-0.236576,1.546,0.322882,-0.854589,1.89938,0.396425,-1.53871,0.96446,-1.2047,0.668494,-0.623478,0.583724,-0.79807,-1.18308,0.0290338,1.61152,-2.67897,1.37873,-1.51944,2.39791,-0.298658,0.503257,-1.33495,0.687894,
-0.501037,2.40476,-1.4773,-0.133047,-0.965985,0.191225,-0.236576,1.546,0.322882,-0.854589,1.89938,-0.0717616,-1.53871,0.96446,-1.2047,0.687914,-0.623478,0.583724,-1.54884,-1.18308,0.0290338,1.61152,-0.780697,2.02564,-1.4095,-0.0853659,0.877913,1.03421,0.982299,-0.10589,
-0.501037,2.40476,-1.4773,-0.133047,-0.965985,0.191225,-0.236576,1.546,0.322882,-0.854589,1.89938,-1.347,-1.53871,0.96446,-1.2047,2.17861,-0.623478,0.583724,-0.474444,-1.18308,0.0290338,1.61152,-1.66176,2.56829,-0.178226,1.66202,0.178412,-0.292764,1.28587,0.140691,
-0.501037,2.40476,-1.4773,-0.133047,-0.965985,0.191225,-0.236576,1.546,0.322882,-0.854589,1.89938,-1.08785,-1.53871,0.96446,-1.2047,0.579594,-0.623478,0.583724,-0.642358,-1.18308,0.0290338,1.61152,-1.35169,1.39982,0.150563,-2.13308,2.06238,-0.1866,-1.49282,1.99189,
-0.501037,2.40476,-1.4773,-0.133047,-0.965985,0.191225,-0.236576,1.546,0.322882,-0.854589,1.89938,-2.16602,-1.53871,0.96446,-1.2047,-0.565542,-0.623478,0.583724,0.579794,-1.18308,0.0290338,1.61152,-1.15872,0.0551893,-1.70567,0.949831,1.10346,1.79761,-1.04463,1.30619,
-0.501037,2.40476,-1.4773,-0.133047,-0.965985,0.191225,-0.236576,1.546,0.322882,-0.854589,1.89938,-1.6354,-1.53871,0.96446,-1.2047,0.573329,-0.623478,0.583724,-0.0980196,-1.18308,0.0290338,1.61152,-1.26231,0.817884,-2.30688,1.41299,-0.380992,1.17661,-1.78762,-0.207785,
-0.501037,2.40476,-1.4773,-0.133047,-0.965985,0.191225,-0.236576,1.546,0.322882,-0.854589,1.89938,-0.824994,-1.53871,0.96446,-1.2047,1.29793,-0.623478,0.583724,1.61709,-1.18308,0.0290338,1.61152,-1.42529,0.790138,0.566388,1.18558,0.196996,-1.74415,-0.22235,-0.543445,
-0.501037,2.40476,-1.4773,-0.133047,-0.965985,0.191225,-0.236576,1.546,0.322882,-0.854589,1.89938,-1.52114,-1.53871,0.96446,-1.2047,0.232647,-0.623478,0.583724,-1.16887,-1.18308,0.0290338,1.61152,-0.570122,-1.00399,-1.38646,1.1759,1.08477,0.658576,1.50359,2.1142,
-0.501037,2.40476,-1.4773,-0.133047,-0.965985,0.191225,-0.236576,1.546,0.322882,-0.854589,1.89938,-1.86586,-1.53871,0.96446,-1.2047,0.493733,-0.623478,0.583724,-0.726673,-1.18308,0.0290338,1.61152,-0.64668,0.61709,-1.7467,1.92035,-1.2737,-0.418079,-1.10898,-0.602453,
-0.501037,2.40476,-1.4773,-0.133047,-0.965985,0.191225,-0.236576,1.546,0.322882,-0.854589,1.89938,-1.79409,-1.53871,0.96446,-1.2047,-0.269923,-0.623478,0.583724,-0.556991,-1.18308,0.0290338,1.61152,0.393935,1.46853,-0.154193,-0.690393,1.66543,-1.01717,-0.625297,-0.495966,
-0.501037,2.40476,-1.4773,-0.133047,-0.965985,0.191225,-0.236576,1.546,0.322882,-0.854589,1.89938,-1.19321,-1.53871,0.96446,-1.2047,0.388883,-0.623478,0.583724,-1.8877,-1.18308,0.0290338,1.61152,-0.24825,-0.375228,-1.32187,0.815611,-0.912093,1.25701,-0.732631,1.99857,
-0.501037,2.40476,-1.4773,-0.133047,-0.965985,0.191225,-0.236576,1.546,0.322882,-0.854589,1.89938,-0.406119,-1.53871,0.96446,-1.2047,1.44791,-0.623478,0.583724,-0.0364858,-1.18308,0.0290338,1.61152,-2.2201,2.16971,-0.445736,-0.0606894,-2.19214,-0.829241,-0.147942,-3.13776,
-0.501037,2.40476,-1.4773,-0.133047,-0.965985,0.191225,-0.236576,1.546,0.322882,-0.854589,1.89938,-1.43404,-1.53871,0.96446,-1.2047,0.397273,-0.623478,0.583724,-0.230741,-1.18308,0.0290338,1.61152,-0.951107,-0.180213,-0.658481,-0.318548,-0.0230723,-1.5591,0.514039,-0.588819,
-0.501037,2.40476,-1.4773,-0.133047,-0.965985,0.191225,-0.236576,1.546,0.322882,-0.854589,1.89938,-1.27075,-1.53871,0.96446,-1.2047,0.367591,-0.623478,0.583724,-0.0856905,-1.18308,0.0290338,1.61152,-1.92436,1.23016,0.139442,2.07184,-0.0162713,3.45812,-0.616925,-1.99375,
-0.501037,2.40476,-1.4773,-0.133047,-0.965985,0.191225,-0.236576,1.546,0.322882,-0.854589,1.89938,-1.75555,-1.53871,0.96446,-1.2047,0.579076,-0.623478,0.583724,-0.965813,-1.18308,0.0290338,1.61152,-1.8092,-0.623602,0.379811,-1.92706,-1.82303,2.12862,0.730348,0.726562,
-0.501037,2.40476,-1.4773,-0.133047,-0.965985,0.191225,-0.236576,1.546,0.322882,-0.854589,1.89938,-1.07542,-1.53871,0.96446,-1.2047,1.60965,-0.623478,0.583724,0.157233,-1.18308,0.0290338,1.61152,-0.712515,2.91819,-0.63965,-1.41943,-0.954534,0.565869,-0.111714,0.783581,
-0.501037,2.40476,-1.4773,-0.133047,-0.965985,0.191225,-0.236576,1.546,0.322882,-0.854589,1.89938,-1.05947,-1.53871,0.96446,-1.2047,0.22689,-0.623478,0.583724,0.826529,-1.18308,0.0290338,1.61152,-1.41404,0.23177,2.15689,-0.0390899,0.139914,-1.80586,0.150015,0.464894,
-0.501037,2.40476,-1.4773,-0.133047,-0.965985,0.191225,-0.236576,1.546,0.322882,-0.854589,1.89938,-1.44649,-1.53871,0.96446,-1.2047,0.642581,-0.623478,0.583724,-1.6391,-1.18308,0.0290338,1.61152,-0.610085,3.11332,0.346417,0.577346,0.541154,-0.711766,-0.51981,1.13736,
-0.501037,2.40476,-1.4773,-0.133047,-0.965985,0.191225,-0.236576,1.546,0.322882,-0.854589,1.89938,-0.0075028,-1.53871,0.96446,-1.2047,0.530084,-0.623478,0.583724,-1.6391,-1.18308,0.0290338,1.61152,-1.4878,0.744745,-0.426641,0.161104,0.529822,0.677989,-0.325738,-1.86782,
-0.501037,2.40476,-1.4773,-0.133047,-0.965985,0.191225,-0.236576,1.546,0.322882,-0.854589,1.89938,-1.36456,-1.53871,0.96446,-1.2047,2.26219,-0.623478,0.583724,-2.27031,-1.18308,0.0290338,1.61152,-1.08438,1.75831,2.54946,3.0431,-0.966249,0.136264,0.520416,2.00838,
-0.501037,2.40476,-1.4773,-0.133047,-0.965985,0.191225,-0.236576,1.546,0.322882,-0.854589,1.89938,-0.340134,-1.53871,0.96446,-1.2047,2.70605,-0.623478,0.583724,0.841985,-1.18308,0.0290338,1.61152,-1.45794,-1.11679,-0.693892,0.354008,1.43153,-0.596562,-2.27885,3.6485,
-0.501037,2.40476,-1.4773,-0.133047,-0.965985,0.191225,-0.236576,1.546,0.322882,-0.854589,1.89938,-1.50648,-1.53871,0.96446,-1.2047,0.0616992,-0.623478,0.583724,-0.308329,-1.18308,0.0290338,1.61152,-1.01194,1.75808,-0.193191,-1.40846,-1.61154,-1.23776,-1.22777,-0.876389,
-0.501037,2.40476,-1.4773,-0.133047,-0.965985,0.191225,-0.236576,1.546,0.322882,-0.854589,1.89938,-1.22722,-1.53871,0.96446,-1.2047,0.286253,-0.623478,0.583724,-1.54201,-1.18308,0.0290338,1.61152,-2.22999,-1.00399,-0.70779,2.16011,1.44951,1.12901,-0.554684,1.00551,
-0.501037,2.40476,-1.4773,-0.133047,-0.965985,0.191225,-0.236576,1.546,0.322882,-0.854589,1.89938,-1.97474,-1.53871,0.96446,-1.2047,0.686303,-0.623478,0.583724,-1.85486,-1.18308,0.0290338,1.61152,-0.123308,1.8721,-0.626532,0.51737,-1.128,-1.38636,1.07898,-0.966211,
-0.501037,2.40476,-1.4773,-0.133047,-0.965985,0.191225,-0.236576,1.546,0.322882,-0.854589,1.89938,-0.315278,-1.53871,0.96446,-1.2047,-0.0459468,-0.623478,0.583724,0.593703,-1.18308,0.0290338,1.61152,-1.37512,3.52439,-0.524489,1.45562,-2.00192,-1.38636,-0.183084,1.08231,
-0.501037,2.40476,-1.4773,-0.133047,-0.965985,0.191225,-0.236576,1.546,0.322882,-0.854589,1.89938,-0.130654,-1.53871,0.96446,-1.2047,-1.24182,-0.623478,0.583724,-0.662363,-1.18308,0.0290338,1.61152,-2.26514,3.52439,-0.552831,1.83608,-0.725823,1.03761,-1.36089,-0.546413,
-0.501037,2.40476,-1.4773,-0.133047,-0.965985,0.191225,-0.236576,1.546,0.322882,-0.854589,1.89938,-1.48104,-1.53871,0.96446,-1.2047,0.980918,-0.623478,0.583724,-0.0805591,-1.18308,0.0290338,1.61152,-1.17353,1.83577,-0.573982,1.72928,1.4198,1.54847,-2.00074,0.703955,
-0.501037,2.40476,-1.4773,-0.133047,-0.965985,0.191225,-0.236576,1.546,0.322882,-0.854589,1.89938,-0.475177,-1.53871,0.96446,-1.2047,1.13325,-0.623478,0.583724,-1.27632,-1.18308,0.0290338,1.61152,0.631172,-0.375228,-1.71248,-0.144343,0.0753316,1.65792,-1.48265,0.136856,
-0.501037,2.40476,-1.4773,-0.133047,-0.965985,0.191225,-0.236576,1.546,0.322882,-0.854589,1.89938,-1.36364,-1.53871,0.96446,-1.2047,2.66629,-0.623478,0.583724,-1.88682,-1.18308,0.0290338,1.61152,-0.46491,0.803335,-4.88204,0.938971,2.07733,-0.101222,-1.33157,0.366031,
-0.501037,2.40476,-1.4773,-0.133047,-0.965985,0.191225,-0.236576,1.546,0.322882,-0.854589,1.89938,-0.77804,-1.53871,0.96446,-1.2047,-0.49076,-0.623478,0.583724,0.753019,-1.18308,0.0290338,1.61152,-0.959113,0.335511,-2.97878,1.34561,-0.202809,1.94123,-1.47243,1.05875,
-0.501037,2.40476,-1.4773,-0.133047,-0.965985,0.191225,-0.236576,1.546,0.322882,-0.854589,1.89938,-1.17939,-1.53871,0.96446,-1.2047,0.135833,-0.623478,0.583724,-0.166384,-1.18308,0.0290338,1.61152,-0.165188,2.66357,0.0443735,-1.81757,-0.0310679,0.132201,-0.386072,0.981207,
-0.501037,2.40476,-1.4773,-0.133047,-0.965985,0.191225,-0.236576,1.546,0.322882,-0.854589,1.89938,-1.12865,-1.53871,0.96446,-1.2047,1.64821,-0.623478,0.583724,-0.364614,-1.18308,0.0290338,1.61152,-1.77441,0.105389,0.183225,0.193724,-2.47683,0.401916,0.310462,-2.25175,
-0.501037,2.40476,-1.4773,-0.133047,-0.965985,0.191225,-0.236576,1.546,0.322882,-0.854589,1.89938,-3.55562,-1.53871,0.96446,-1.2047,2.14604,-0.623478,0.583724,-1.80846,-1.18308,0.0290338,1.61152,-1.41961,-0.925427,-2.05298,2.36228,0.429917,-0.245733,2.21346,-2.6584,
-0.501037,2.40476,-1.4773,-0.133047,-0.965985,0.191225,-0.236576,1.546,0.322882,-0.854589,1.89938,-1.21861,-1.53871,0.96446,-1.2047,0.419553,-0.623478,0.583724,-0.960556,-1.18308,0.0290338,1.61152,-1.31312,2.95138,-1.73363,1.11256,-0.247842,1.48054,-1.96703,0.667925,
-0.501037,2.40476,-1.4773,-0.133047,-0.965985,0.191225,-0.236576,1.546,0.322882,-0.854589,1.89938,-1.41166,-1.53871,0.96446,-1.2047,0.367591,-0.623478,0.583724,-0.650594,-1.18308,0.0290338,1.61152,-2.14958,1.40243,0.645637,0.390222,-0.480122,-4.34013,-3.4086,0.834923,
-0.501037,2.40476,-1.4773,-0.133047,-0.965985,0.191225,-0.236576,1.546,0.322882,-0.854589,1.89938,0.288563,-1.53871,0.96446,-1.2047,0.185242,-0.623478,0.583724,0.00667366,-1.18308,0.0290338,1.61152,-2.34267,1.01147,-1.27556,-1.1776,-0.23207,0.391557,1.71653,-1.38932,
-0.501037,2.40476,-1.4773,-0.133047,-0.965985,0.191225,-0.236576,1.546,0.322882,-0.854589,1.89938,-1.87469,-1.53871,0.96446,-1.2047,1.27031,-0.623478,0.583724,1.45704,-1.18308,0.0290338,1.61152,-1.1164,2.64151,-0.267285,-1.81442,-0.0553305,1.28582,-1.26748,-0.201511,
-0.501037,2.40476,-1.4773,-0.133047,-0.965985,0.191225,-0.236576,1.546,0.322882,-0.854589,1.89938,-1.08785,-1.53871,0.96446,-1.2047,1.02771,-0.623478,0.583724,-1.83109,-1.18308,0.0290338,1.61152,-0.892506,3.37983,-0.286498,-1.38199,0.807463,-1.0025,0.882377,0.641881,
-0.501037,2.40476,-1.4773,-0.133047,-0.965985,0.191225,-0.236576,1.546,0.322882,-0.854589,1.89938,-1.19106,-1.53871,0.96446,-1.2047,2.8091,-0.623478,0.583724,0.554716,-1.18308,0.0290338,1.61152,-0.653798,3.11,1.02313,3.28628,1.91238,1.61607,-0.810865,-1.18045,
-0.501037,2.40476,-1.4773,-0.133047,-0.965985,0.191225,-0.236576,1.546,0.322882,-0.854589,1.89938,-1.65136,-1.53871,0.96446,-1.2047,0.738384,-0.623478,0.583724,-1.09884,-1.18308,0.0290338,1.61152,-1.25561,0.106628,0.226692,0.123867,-1.48746,0.261324,-2.00035,-0.234431,
-0.501037,2.40476,-1.4773,-0.133047,-0.965985,0.191225,-0.236576,1.546,0.322882,-0.854589,1.89938,-1.29944,-1.53871,0.96446,-1.2047,-0.617849,-0.623478,0.583724,-0.580818,-1.18308,0.0290338,1.61152,-1.24027,2.27921,0.478554,-1.88028,-2.78806,-1.10748,1.85238,0.237498,
-0.501037,2.40476,-1.4773,-0.133047,-0.965985,0.191225,-0.236576,1.546,0.322882,-0.854589,1.89938,-0.640907,-1.53871,0.96446,-1.2047,-0.266052,-0.623478,0.583724,-1.16887,-1.18308,0.0290338,1.61152,-1.01877,-0.370984,0.70496,0.112261,-0.189081,-0.299304,-0.223431,-0.540855,
-0.501037,2.40476,-1.4773,-0.133047,-0.965985,0.191225,-0.236576,1.546,0.322882,-0.854589,1.89938,-0.821449,-1.53871,0.96446,-1.2047,1.94477,-0.623478,0.583724,-0.313703,-1.18308,0.0290338,1.61152,-0.146408,-0.132077,-0.187845,1.18243,-0.344599,-0.0967234,3.22369,0.356275,
-0.501037,2.40476,-1.4773,-0.133047,-0.965985,0.191225,-0.236576,1.546,0.322882,-0.854589,1.89938,-1.0348,-1.53871,0.96446,-1.2047,2.64287,-0.623478,0.583724,-0.708396,-1.18308,0.0290338,1.61152,-1.20594,0.156907,-0.902283,-1.25374,1.21715,1.38284,2.40888,-0.541094,
-0.501037,2.40476,-1.4773,-0.133047,-0.965985,0.191225,-0.236576,1.546,0.322882,-0.854589,1.89938,-2.52478,-1.53871,0.96446,-1.2047,3.75227,-0.623478,0.583724,1.73767,-1.18308,0.0290338,1.61152,-0.698974,2.09544,-2.15406,-0.517163,-0.730234,-0.0182155,0.343681,0.338718,
-0.501037,2.40476,-1.4773,-0.133047,-0.965985,0.191225,-0.236576,1.546,0.322882,-0.854589,1.89938,-0.640146,-1.53871,0.96446,-1.2047,0.052526,-0.623478,0.583724,-0.382765,-1.18308,0.0290338,1.61152,-1.71417,1.99135,-2.10967,-0.239433,-0.414101,-0.0182155,0.821728,-1.2001,
-0.501037,2.40476,-1.4773,-0.133047,-0.965985,0.191225,-0.236576,1.546,0.322882,-0.854589,1.89938,-2.10513,-1.53871,0.96446,-1.2047,1.96991,-0.623478,0.583724,1.38318,-1.18308,0.0290338,1.61152,-2.48672,-0.171657,-1.62878,0.749249,0.33038,0.620964,-2.55022,-1.02039,
-0.501037,2.40476,-1.4773,-0.133047,-0.965985,0.191225,-0.236576,1.546,0.322882,-0.854589,1.89938,-0.926688,-1.53871,0.96446,-1.2047,2.19014,-0.623478,0.583724,-1.40193,-1.18308,0.0290338,1.61152,0.111181,1.01543,0.275681,-0.511703,0.238718,-0.13696,0.529588,1.59625,
-0.501037,2.40476,-1.4773,-0.133047,-0.965985,0.191225,-0.236576,1.546,0.322882,-0.854589,1.89938,-2.591,-1.53871,0.96446,-1.2047,-0.958083,-0.623478,0.583724,1.73767,-1.18308,0.0290338,1.61152,-0.188782,-1.51413,-0.286498,-2.57783,-2.09367,-0.296171,-2.3659,-1.95937,
-0.501037,2.40476,-1.4773,-0.133047,-0.965985,0.191225,-0.236576,1.546,0.322882,-0.854589,1.89938,-0.332854,-1.53871,0.96446,-1.2047,0.977621,-0.623478,0.583724,0.293869,-1.18308,0.0290338,1.61152,0.0872558,1.9631,-3.85708,-2.01206,0.0793203,0.841863,-2.30174,1.13562,
-0.501037,2.40476,-1.4773,-0.133047,-0.965985,0.191225,-0.236576,1.546,0.322882,-0.854589,1.89938,-2.01124,-1.53871,0.96446,-1.2047,-0.0182571,-0.623478,0.583724,0.000981829,-1.18308,0.0290338,1.61152,-0.989011,0.0480018,-0.349518,1.12894,0.00192518,-0.75658,-0.504119,-2.97108,
-0.501037,2.40476,-1.4773,-0.133047,-0.965985,0.191225,-0.236576,1.546,0.322882,-0.854589,1.89938,-1.55426,-1.53871,0.96446,-1.2047,0.355241,-0.623478,0.583724,-1.28837,-1.18308,0.0290338,1.61152,-1.75498,1.7073,1.00132,1.38873,2.01915,-2.93352,-0.7608,1.63609,
-0.501037,2.40476,-1.4773,-0.133047,-0.965985,0.191225,-0.236576,1.546,0.322882,-0.854589,1.89938,0.246432,-1.53871,0.96446,-1.2047,0.367591,-0.623478,0.583724,0.236201,-1.18308,0.0290338,1.61152,-0.777372,1.72637,-3.27386,0.48949,2.99014,1.36218,1.57295,1.26205,
-0.501037,2.40476,-1.4773,-0.133047,-0.965985,0.191225,-0.236576,1.546,0.322882,-0.854589,1.89938,-0.871877,-1.53871,0.96446,-1.2047,2.34198,-0.623478,0.583724,0.0734089,-1.18308,0.0290338,1.61152,-1.55581,0.140366,-1.86185,-1.80358,3.17788,0.507426,0.463844,-0.651977,
-0.501037,2.40476,-1.4773,-0.133047,-0.965985,0.191225,-0.236576,1.546,0.322882,-0.854589,1.89938,-1.82908,-1.53871,0.96446,-1.2047,0.323583,-0.623478,0.583724,1.45912,-1.18308,0.0290338,1.61152,1.09394,-0.0260714,-0.90406,1.38058,-1.95253,-0.0182155,0.735951,-1.0154,
-0.501037,2.40476,-1.4773,-0.133047,-0.965985,0.191225,-0.236576,1.546,0.322882,-0.854589,1.89938,0.381333,-1.53871,0.96446,-1.2047,0.897227,-0.623478,0.583724,-1.23598,-1.18308,0.0290338,1.61152,-0.474002,0.698992,-1.30833,1.69698,0.238718,-1.37569,0.140006,-0.251947,
-0.501037,2.40476,-1.4773,-0.133047,-0.965985,0.191225,-0.236576,1.546,0.322882,-0.854589,1.89938,-0.82381,-1.53871,0.96446,-1.2047,0.0428203,-0.623478,0.583724,-0.531197,-1.18308,0.0290338,1.61152,0.0349362,1.22809,-0.465237,-2.33725,-0.429839,-1.99565,0.890379,1.61879,
-0.501037,2.40476,-1.4773,-0.133047,-0.965985,0.191225,-0.236576,1.546,0.322882,-0.854589,1.89938,-0.777318,-1.53871,0.96446,-1.2047,0.367608,-0.623478,0.583724,-0.694193,-1.18308,0.0290338,1.61152,0.0900248,1.44298,-0.4648,2.13995,-1.00647,0.20269,-0.386929,0.751196,
-0.501037,2.40476,-1.4773,-0.133047,-0.965985,0.191225,-0.236576,1.546,0.322882,-0.854589,1.89938,-1.03893,-1.53871,0.96446,-1.2047,0.170831,-0.623478,0.583724,-0.872638,-1.18308,0.0290338,1.61152,-1.50744,0.00822686,-0.46168,0.257654,0.762225,0.638752,-0.411545,0.305901,
-0.501037,2.40476,-1.4773,-0.133047,-0.965985,0.191225,-0.236576,1.546,0.322882,-0.854589,1.89938,-0.322495,-1.53871,0.96446,-1.2047,1.38206,-0.623478,0.583724,-1.8041,-1.18308,0.0290338,1.61152,-0.858767,2.28438,-1.13563,0.248356,-1.09888,-0.75658,-1.70275,-1.44361,
-0.501037,2.40476,-1.4773,-0.133047,-0.965985,0.191225,-0.236576,1.546,0.322882,-0.854589,1.89938,-1.26146,-1.53871,0.96446,-1.2047,0.579594,-0.623478,0.583724,-1.73144,-1.18308,0.0290338,1.61152,-1.279,1.89494,2.13362,0.691579,-1.37156,1.20865,0.92353,2.44681,
-0.501037,2.40476,-1.4773,-0.133047,-0.965985,0.191225,-0.236576,1.546,0.322882,-0.854589,1.89938,-1.00526,-1.53871,0.96446,-1.2047,-0.463384,-0.623478,0.583724,-0.476847,-1.18308,0.0290338,1.61152,-1.42133,0.455995,1.00132,1.48861,-0.570606,0.705867,2.18479,2.14319,
-0.501037,2.40476,-1.4773,-0.133047,-0.965985,0.191225,-0.236576,1.546,0.322882,-0.854589,1.89938,-1.88828,-1.53871,0.96446,-1.2047,2.19181,-0.623478,0.583724,-0.390298,-1.18308,0.0290338,1.61152,-1.18261,3.86115,-1.67032,0.271619,0.908742,-3.69991,2.02733,-2.40306,
-0.501037,2.40476,-1.4773,-0.133047,-0.965985,0.191225,-0.236576,1.546,0.322882,-0.854589,1.89938,-0.78847,-1.53871,0.96446,-1.2047,0.501535,-0.623478,0.583724,-1.79535,-1.18308,0.0290338,1.61152,-0.966395,0.196862,-2.41929,0.799877,-0.619956,-0.959749,2.28396,3.6485,
-0.501037,2.40476,-1.4773,-0.133047,-0.965985,0.191225,-0.236576,1.546,0.322882,-0.854589,1.89938,-1.21283,-1.53871,0.96446,-1.2047,0.750642,-0.623478,0.583724,-0.656465,-1.18308,0.0290338,1.61152,-3.3451,-0.0822841,-0.596519,1.58724,-1.38433,0.136264,-2.70627,-1.50978,
-0.501037,2.40476,-1.4773,-0.133047,-0.965985,0.191225,-0.236576,1.546,0.322882,-0.854589,1.89938,-0.0829333,-1.53871,0.96446,-1.2047,0.524145,-0.623478,0.583724,-0.852523,-1.18308,0.0290338,1.61152,-1.43407,0.397414,-1.03231,1.93673,1.10346,-2.3285,0.707972,0.111205,
-0.501037,2.40476,-1.4773,-0.133047,-0.965985,0.191225,-0.236576,1.546,0.322882,-0.854589,1.89938,-0.0528168,-1.53871,0.96446,-1.2047,0.785189,-0.623478,0.583724,0.208,-1.18308,0.0290338,1.61152,-1.46284,0.196862,0.584728,-1.52667,2.50939,0.301,-0.425254,-0.534472,
-0.501037,2.40476,-1.4773,-0.133047,-0.965985,0.191225,-0.236576,1.546,0.322882,-0.854589,1.89938,-0.529385,-1.53871,0.96446,-1.2047,0.60283,-0.623478,0.583724,0.658614,-1.18308,0.0290338,1.61152,0.370981,0.288166,-2.73395,1.66325,0.392353,1.73954,-0.954317,1.37038,
-0.501037,2.40476,-1.4773,-0.133047,-0.965985,0.191225,-0.236576,1.546,0.322882,-0.854589,1.89938,-1.40958,-1.53871,0.96446,-1.2047,1.31863,-0.623478,0.583724,-1.4332,-1.18308,0.0290338,1.61152,-1.98276,1.01735,-0.690198,-0.542378,0.266361,1.49228,-0.222259,0.903035,
-0.501037,2.40476,-1.4773,-0.133047,-0.965985,0.191225,-0.236576,1.546,0.322882,-0.854589,1.89938,-1.43808,-1.53871,0.96446,-1.2047,1.32011,-0.623478,0.583724,-0.383548,-1.18308,0.0290338,1.61152,-1.73055,1.27535,-1.5044,-0.557537,0.562157,-1.65679,1.39703,2.38839,
-0.501037,2.40476,-1.4773,-0.133047,-0.965985,0.191225,-0.236576,1.546,0.322882,-0.854589,1.89938,-0.709745,-1.53871,0.96446,-1.2047,1.3267,-0.623478,0.583724,-1.35039,-1.18308,0.0290338,1.61152,-1.68933,-0.36815,-1.10689,0.429228,0.178412,0.481395,0.890379,1.22454,
-0.501037,2.40476,-1.4773,-0.133047,-0.965985,0.191225,-0.236576,1.546,0.322882,-0.854589,1.89938,-0.253311,-1.53871,0.96446,-1.2047,2.08471,-0.623478,0.583724,-0.421561,-1.18308,0.0290338,1.61152,-0.61511,-0.328063,-0.208046,1.95942,1.05541,-0.714117,1.88137,0.788232,
-0.501037,2.40476,-1.4773,-0.133047,-0.965985,0.191225,-0.236576,1.546,0.322882,-0.854589,1.89938,-0.240445,-1.53871,0.96446,-1.2047,2.13974,-0.623478,0.583724,1.32672,-1.18308,0.0290338,1.61152,0.208699,0.693072,-2.18662,1.69698,-3.05896,-0.541386,0.906059,0.0168197,
-0.501037,2.40476,-1.4773,-0.133047,-0.965985,0.191225,-0.236576,1.546,0.322882,-0.854589,1.89938,0.104527,-1.53871,0.96446,-1.2047,0.167219,-0.623478,0.583724,-2.82641,-1.18308,0.0290338,1.61152,0.444251,0.998984,-2.48589,-1.86639,-0.635738,0.597397,-2.19,-0.397285,
-0.501037,2.40476,-1.4773,-0.133047,-0.965985,0.191225,-0.236576,1.546,0.322882,-0.854589,1.89938,-1.11176,-1.53871,0.96446,-1.2047,1.58825,-0.623478,0.583724,-1.13037,-1.18308,0.0290338,1.61152,-1.98156,1.68695,-2.40512,1.94882,-0.133223,-1.46889,-0.0462006,-2.4107,
-0.501037,2.40476,-1.4773,-0.133047,-0.965985,0.191225,-0.236576,1.546,0.322882,-0.854589,1.89938,-1.48104,-1.53871,0.96446,-1.2047,0.906155,-0.623478,0.583724,-1.58569,-1.18308,0.0290338,1.61152,-0.387645,3.71999,0.258371,1.72454,0.0171697,3.61039,-1.60091,-1.71352,
-0.501037,2.40476,-1.4773,-0.133047,-0.965985,0.191225,-0.236576,1.546,0.322882,-0.854589,1.89938,-0.205009,-1.53871,0.96446,-1.2047,0.865841,-0.623478,0.583724,-1.29345,-1.18308,0.0290338,1.61152,-0.900918,0.29427,-0.0660997,-0.426892,-3.05884,0.960088,-0.446217,-0.201511,
-0.501037,2.40476,-1.4773,-0.133047,-0.965985,0.191225,-0.236576,1.546,0.322882,-0.854589,1.89938,-0.253835,-1.53871,0.96446,-1.2047,0.647835,-0.623478,0.583724,-1.60113,-1.18308,0.0290338,1.61152,-2.45571,0.713627,-1.48435,0.00850923,0.341219,0.927216,0.164689,1.67823,
-0.501037,2.40476,-1.4773,-0.133047,-0.965985,0.191225,-0.236576,1.546,0.322882,-0.854589,1.89938,0.223787,-1.53871,0.96446,-1.2047,-0.481043,-0.623478,0.583724,-1.07827,-1.18308,0.0290338,1.61152,-0.615833,1.28909,-2.04588,-2.63709,0.0662977,-1.10573,-0.24171,-0.466118,
-0.501037,2.40476,-1.4773,-0.133047,-0.965985,0.191225,-0.236576,1.546,0.322882,-0.854589,1.89938,-1.08974,-1.53871,0.96446,-1.2047,-1.00176,-0.623478,0.583724,1.68784,-1.18308,0.0290338,1.61152,-1.75498,1.18258,-0.574495,0.667965,1.90255,0.817561,-1.47848,1.06433,
-0.501037,2.40476,-1.4773,-0.133047,-0.965985,0.191225,-0.236576,1.546,0.322882,-0.854589,1.89938,-1.35148,-1.53871,0.96446,-1.2047,1.13784,-0.623478,0.583724,-1.26146,-1.18308,0.0290338,1.61152,0.0272161,-0.213727,0.0799795,0.390222,-1.45896,-0.0555329,-1.19018,-2.17375,
-0.501037,2.40476,-1.4773,-0.133047,-0.965985,0.191225,-0.236576,1.546,0.322882,-0.854589,1.89938,0.607486,-1.53871,0.96446,-1.2047,0.980918,-0.623478,0.583724,0.478479,-1.18308,0.0290338,1.61152,-0.836686,1.4569,0.171731,-0.357356,0.682736,1.40277,0.171452,-2.40968,
-0.501037,2.40476,-1.4773,-0.133047,-0.965985,0.191225,-0.236576,1.546,0.322882,-0.854589,1.89938,-1.36456,-1.53871,0.96446,-1.2047,1.59291,-0.623478,0.583724,-0.667701,-1.18308,0.0290338,1.61152,-0.942941,-0.0350179,1.85094,-0.378612,0.437846,1.4653,1.16624,-1.65552,
-0.501037,2.40476,-1.4773,-0.133047,-0.965985,0.191225,-0.236576,1.546,0.322882,-0.854589,1.89938,0.360071,-1.53871,0.96446,-1.2047,1.67049,-0.623478,0.583724,-0.660971,-1.18308,0.0290338,1.61152,-1.25582,-0.432998,1.46313,1.01438,-2.54917,-0.421158,-0.26781,0.0678982,
-0.501037,2.40476,-1.4773,-0.133047,-0.965985,0.191225,-0.236576,1.546,0.322882,-0.854589,1.89938,-2.31703,-1.53871,0.96446,-1.2047,1.22402,-0.623478,0.583724,-1.03219,-1.18308,0.0290338,1.61152,0.488977,0.822981,-0.554847,-1.09499,-0.385144,0.405754,-1.12827,2.42366,
-0.501037,2.40476,-1.4773,-0.133047,-0.965985,0.191225,-0.236576,1.546,0.322882,-0.854589,1.89938,-0.862005,-1.53871,0.96446,-1.2047,-0.281922,-0.623478,0.583724,1.02143,-1.18308,0.0290338,1.61152,-1.17353,1.09591,0.275681,0.938532,-0.385144,-1.0632,-2.94718,-0.670414,
-0.501037,2.40476,-1.4773,-0.133047,-0.965985,0.191225,-0.236576,1.546,0.322882,-0.854589,1.89938,-2.0462,-1.53871,0.96446,-1.2047,0.704152,-0.623478,0.583724,-0.27271,-1.18308,0.0290338,1.61152,-1.80592,0.0120604,-2.37974,-0.25877,2.34909,-0.634384,-2.14532,-0.662063,
-0.501037,2.40476,-1.4773,-0.133047,-0.965985,0.191225,-0.236576,1.546,0.322882,-0.854589,1.89938,-2.18361,-1.53871,0.96446,-1.2047,0.394225,-0.623478,0.583724,-2.24569,-1.18308,0.0290338,1.61152,-1.54483,-0.249126,-1.04977,2.46424,2.20617,0.451506,0.580542,-0.0430116,
-0.501037,2.40476,-1.4773,-0.133047,-0.965985,0.191225,-0.236576,1.546,0.322882,-0.854589,1.89938,-3.20486,-1.53871,0.96446,-1.2047,0.63815,-0.623478,0.583724,0.573913,-1.18308,0.0290338,1.61152,-1.94098,2.4018,2.54946,-0.193446,-2.0317,1.1869,-1.75615,-0.670414,
-0.501037,2.40476,-1.4773,-0.133047,-0.965985,0.191225,-0.236576,1.546,0.322882,-0.854589,1.89938,-1.96075,-1.53871,0.96446,-1.2047,-0.260041,-0.623478,0.583724,0.227373,-1.18308,0.0290338,1.61152,0.787932,1.87943,-0.971375,-0.349935,-1.17912,0.725463,-1.19562,1.62145,
-0.501037,2.40476,-1.4773,-0.133047,-0.965985,0.191225,-0.236576,1.546,0.322882,-0.854589,1.89938,-0.522321,-1.53871,0.96446,-1.2047,-0.00978841,-0.623478,0.583724,-0.107067,-1.18308,0.0290338,1.61152,-0.43593,-0.151888,-1.28993,-4.05891,0.323665,1.3547,0.737877,1.53753,
-0.501037,2.40476,-1.4773,-0.133047,-0.965985,0.191225,-0.236576,1.546,0.322882,-0.854589,1.89938,-1.00895,-1.53871,0.96446,-1.2047,1.29793,-0.623478,0.583724,-1.92096,-1.18308,0.0290338,1.61152,-0.584141,2.12645,-1.93351,-0.270541,-1.49557,0.350818,-0.425254,0.0613893,
-0.501037,2.40476,-1.4773,-0.133047,-0.965985,0.191225,-0.236576,1.546,0.322882,-0.854589,1.89938,-2.70299,-1.53871,0.96446,-1.2047,1.02771,-0.623478,0.583724,-1.06883,-1.18308,0.0290338,1.61152,-0.00876505,-1.40176,-0.596519,0.693067,-1.96957,1.09418,0.0153275,-2.57375,
-0.501037,2.40476,-1.4773,-0.133047,-0.965985,0.191225,-0.236576,1.546,0.322882,-0.854589,1.89938,-0.0682314,-1.53871,0.96446,-1.2047,-0.839786,-0.623478,0.583724,-0.0722363,-1.18308,0.0290338,1.61152,-1.2664,0.00965751,0.275735,-0.190671,-2.5868,-0.0302106,-2.55021,2.42366,
-0.501037,2.40476,-1.4773,-0.133047,-0.965985,0.191225,-0.236576,1.546,0.322882,-0.854589,1.89938,-1.5056,-1.53871,0.96446,-1.2047,0.185242,-0.623478,0.583724,-1.49004,-1.18308,0.0290338,1.61152,-0.688822,2.78895,-1.40979,-0.854545,-2.03725,-1.6324,-0.771463,-0.0533867,
-0.501037,2.40476,-1.4773,-0.133047,-0.965985,0.191225,-0.236576,1.546,0.322882,-0.854589,1.89938,-1.09703,-1.53871,0.96446,-1.2047,1.66152,-0.623478,0.583724,-0.726673,-1.18308,0.0290338,1.61152,0.627418,1.87087,-1.08515,1.22466,-0.46836,0.527856,1.2421,1.07776,
-0.501037,2.40476,-1.4773,-0.133047,-0.965985,0.191225,-0.236576,1.546,0.322882,-0.854589,1.89938,-1.50471,-1.53871,0.96446,-1.2047,0.278324,-0.623478,0.583724,-1.5514,-1.18308,0.0290338,1.61152,-0.202655,0.478867,-1.22534,0.684444,-0.289895,0.8978,0.26878,-1.7811,
-0.501037,2.40476,-1.4773,-0.133047,-0.965985,0.191225,-0.236576,1.546,0.322882,-0.854589,1.89938,-0.484667,-1.53871,0.96446,-1.2047,2.54449,-0.623478,0.583724,0.0422467,-1.18308,0.0290338,1.61152,-2.87562,2.28696,-0.481646,0.90693,1.0389,2.30258,-1.33574,-1.53534,
-0.501037,2.40476,-1.4773,-0.133047,-0.965985,0.191225,-0.236576,1.546,0.322882,-0.854589,1.89938,-2.91329,-1.53871,0.96446,-1.2047,1.25855,-0.623478,0.583724,-0.429792,-1.18308,0.0290338,1.61152,0.488977,-1.01446,1.21108,-1.86639,-0.512792,-1.06984,-0.178991,1.46835,
-0.501037,2.40476,-1.4773,-0.133047,-0.965985,0.191225,-0.236576,1.546,0.322882,-0.854589,1.89938,-1.56738,-1.53871,0.96446,-1.2047,0.593663,-0.623478,0.583724,1.70173,-1.18308,0.0290338,1.61152,-0.220136,0.738702,0.753152,-0.229823,-0.775859,0.881729,1.23569,1.0311,
-0.501037,2.40476,-1.4773,-0.133047,-0.965985,0.191225,-0.236576,1.546,0.322882,-0.854589,1.89938,0.104527,-1.53871,0.96446,-1.2047,1.23475,-0.623478,0.583724,-0.993954,-1.18308,0.0290338,1.61152,-1.09808,-0.693025,-0.251079,1.64948,1.07022,0.0628065,-1.69331,-2.62225,
-0.501037,2.40476,-1.4773,-0.133047,-0.965985,0.191225,-0.236576,1.546,0.322882,-0.854589,1.89938,-2.21424,-1.53871,0.96446,-1.2047,-0.169303,-0.623478,0.583724,2.68131,-1.18308,0.0290338,1.61152,-2.34299,0.455995,-1.47992,-0.89165,-2.08119,-0.371412,1.12438,-1.76045,
-0.501037,2.40476,-1.4773,-0.133047,-0.965985,0.191225,-0.236576,1.546,0.322882,-0.854589,1.89938,-0.731842,-1.53871,0.96446,-1.2047,1.3249,-0.623478,0.583724,-1.28837,-1.18308,0.0290338,1.61152,1.60245,1.15628,-1.44231,2.9514,-1.5656,-1.65679,1.95883,-0.00671734,
-0.501037,2.40476,-1.4773,-0.133047,-0.965985,0.191225,-0.236576,1.546,0.322882,-0.854589,1.89938,-1.12454,-1.53871,0.96446,-1.2047,1.08547,-0.623478,0.583724,0.340164,-1.18308,0.0290338,1.61152,-0.503972,3.52439,0.0310652,-1.15421,-0.214924,2.0204,-1.21857,1.54525,
-0.501037,2.40476,-1.4773,-0.133047,-0.965985,0.191225,-0.236576,1.546,0.322882,-0.854589,1.89938,-0.139528,-1.53871,0.96446,-1.2047,1.43252,-0.623478,0.583724,-0.895381,-1.18308,0.0290338,1.61152,-1.71417,-0.172248,-1.07272,2.55774,-2.23789,1.57088,0.939657,-0.262308,
-0.501037,2.40476,-1.4773,-0.133047,-0.965985,0.191225,-0.236576,1.546,0.322882,-0.854589,1.89938,-1.35148,-1.53871,0.96446,-1.2047,1.43553,-0.623478,0.583724,-0.826498,-1.18308,0.0290338,1.61152,-2.23501,0.876014,-0.47201,0.179258,-2.57528,0.147869,-2.00035,-1.37286,
-0.501037,2.40476,-1.4773,-0.133047,-0.965985,0.191225,-0.236576,1.546,0.322882,-0.854589,1.89938,0.158873,-1.53871,0.96446,-1.2047,0.763868,-0.623478,0.583724,-0.910735,-1.18308,0.0290338,1.61152,-2.25782,-0.370984,-0.748954,-0.20928,-0.315916,1.17429,-0.625297,1.99857,
-0.501037,2.40476,-1.4773,-0.133047,-0.965985,0.191225,-0.236576,1.546,0.322882,-0.854589,1.89938,-0.798532,-1.53871,0.96446,-1.2047,1.59886,-0.623478,0.583724,0.165761,-1.18308,0.0290338,1.61152,-2.52637,0.779244,-0.0746163,1.63441,0.386997,-0.0131271,-2.08468,0.748947,
-0.501037,2.40476,-1.4773,-0.133047,-0.965985,0.191225,-0.236576,1.546,0.322882,-0.854589,1.89938,-2.47094,-1.53871,0.96446,-1.2047,-0.158354,-0.623478,0.583724,-1.90947,-1.18308,0.0290338,1.61152,-3.11113,0.325884,-1.08448,-0.800959,-3.05896,-0.518604,0.514039,-2.97108,
-0.501037,2.40476,-1.4773,-0.133047,-0.965985,0.191225,-0.236576,1.546,0.322882,-0.854589,1.89938,-0.520337,-1.53871,0.96446,-1.2047,1.23892,-0.623478,0.583724,-1.4742,-1.18308,0.0290338,1.61152,-0.620907,0.308412,-0.840334,1.28686,-2.54917,2.59815,-1.06223,1.68627,
-0.501037,2.40476,-1.4773,-0.133047,-0.965985,0.191225,-0.236576,1.546,0.322882,-0.854589,1.89938,-2.27763,-1.53871,0.96446,-1.2047,1.75404,-0.623478,0.583724,-1.05653,-1.18308,0.0290338,1.61152,0.372289,0.776321,-0.425031,0.126989,-2.54917,3.03102,-0.205469,0.485068,
-0.501037,2.40476,-1.4773,-0.133047,-0.965985,0.191225,-0.236576,1.546,0.322882,-0.854589,1.89938,-1.58846,-1.53871,0.96446,-1.2047,1.79156,-0.623478,0.583724,0.868195,-1.18308,0.0290338,1.61152,-2.25791,1.90604,-2.33958,1.85375,0.201627,1.41741,0.862981,-0.263083,
-0.501037,2.40476,-1.4773,-0.133047,-0.965985,0.191225,-0.236576,1.546,0.322882,-0.854589,1.89938,-2.82745,-1.53871,0.96446,-1.2047,1.42521,-0.623478,0.583724,-0.28735,-1.18308,0.0290338,1.61152,1.1178,-0.0635142,-0.0864862,-0.470789,-0.167647,0.016056,0.932316,-1.58256,
-0.501037,2.40476,-1.4773,-0.133047,-0.965985,0.191225,-0.236576,1.546,0.322882,-0.854589,1.89938,-1.7049,-1.53871,0.96446,-1.2047,0.910999,-0.623478,0.583724,0.0804398,-1.18308,0.0290338,1.61152,-2.70015,1.80721,0.328032,1.63021,-1.965,0.716864,0.0828222,-0.171937,
-0.501037,2.40476,-1.4773,-0.133047,-0.965985,0.191225,-0.236576,1.546,0.322882,-0.854589,1.89938,-0.54787,-1.53871,0.96446,-1.2047,0.415431,-0.623478,0.583724,-1.80911,-1.18308,0.0290338,1.61152,0.444251,0.82921,0.410794,2.95826,-2.28572,0.0616345,-0.186703,-0.40846,
-0.501037,2.40476,-1.4773,-0.133047,-0.965985,0.191225,-0.236576,1.546,0.322882,-0.854589,1.89938,-0.571371,-1.53871,0.96446,-1.2047,-0.839786,-0.623478,0.583724,-0.43309,-1.18308,0.0290338,1.61152,-0.0295655,1.68989,-2.68025,2.67764,-1.20834,0.820754,-1.19018,1.13003,
-0.501037,2.40476,-1.4773,-0.133047,-0.965985,0.191225,-0.236576,1.546,0.322882,-0.854589,1.89938,-0.263657,-1.53871,0.96446,-1.2047,1.81174,-0.623478,0.583724,-0.421561,-1.18308,0.0290338,1.61152,-2.62024,0.299112,0.837032,-1.13522,-1.29624,2.13714,0.746188,-0.432851,
-0.501037,2.40476,-1.4773,-0.133047,-0.965985,0.191225,-0.236576,1.546,0.322882,-0.854589,1.89938,-0.836328,-1.53871,0.96446,-1.2047,2.17861,-0.623478,0.583724,-0.383548,-1.18308,0.0290338,1.61152,-2.03833,0.59864,0.412811,0.179229,-2.93953,2.4958,0.247483,0.382859,
-0.501037,2.40476,-1.4773,-0.133047,-0.965985,0.191225,-0.236576,1.546,0.322882,-0.854589,1.89938,-0.243513,-1.53871,0.96446,-1.2047,2.62595,-0.623478,0.583724,0.774359,-1.18308,0.0290338,1.61152,-2.17627,0.873857,0.080812,1.30097,1.1735,2.36518,-0.606626,0.0859055,
-0.501037,2.40476,-1.4773,-0.133047,-0.965985,0.191225,-0.236576,1.546,0.322882,-0.854589,1.89938,-1.28534,-1.53871,0.96446,-1.2047,-0.562196,-0.623478,0.583724,0.0665401,-1.18308,0.0290338,1.61152,-1.71965,1.58776,-3.54284,2.60021,0.392353,-0.608172,1.07085,0.17936,
-0.501037,2.40476,-1.4773,-0.133047,-0.965985,0.191225,-0.236576,1.546,0.322882,-0.854589,1.89938,-3.94141,-1.53871,0.96446,-1.2047,0.793241,-0.623478,0.583724,0.0259605,-1.18308,0.0290338,1.61152,-1.2168,0.779244,0.312095,0.815852,-1.78442,-0.428976,-0.785777,0.327159,
-0.501037,2.40476,-1.4773,-0.133047,-0.965985,0.191225,-0.236576,1.546,0.322882,-0.854589,1.89938,-1.78325,-1.53871,0.96446,-1.2047,0.111968,-0.623478,0.583724,-2.65657,-1.18308,0.0290338,1.61152,-3.26144,-1.11102,0.480911,1.56538,0.556462,-0.135396,0.906059,-0.631658,
-0.501037,2.40476,-1.4773,-0.133047,-0.965985,0.191225,-0.236576,1.546,0.322882,-0.854589,1.89938,0.334866,-1.53871,0.96446,-1.2047,2.25647,-0.623478,0.583724,0.121541,-1.18308,0.0290338,1.61152,-0.219581,0.488803,1.76901,1.18243,0.758927,-1.34756,1.01758,-2.72195,
-0.501037,2.40476,-1.4773,-0.133047,-0.965985,0.191225,-0.236576,1.546,0.322882,-0.854589,1.89938,-0.474832,-1.53871,0.96446,-1.2047,-0.839786,-0.623478,0.583724,1.42592,-1.18308,0.0290338,1.61152,-0.835256,-0.408671,0.377195,1.28994,-1.29624,0.805199,-0.620833,-0.719937,
-0.501037,2.40476,-1.4773,-0.133047,-0.965985,0.191225,-0.236576,1.546,0.322882,-0.854589,1.89938,-0.237992,-1.53871,0.96446,-1.2047,-0.612148,-0.623478,0.583724,0.977597,-1.18308,0.0290338,1.61152,-1.11275,-1.20379,-0.748954,-4.05891,1.91331,0.150109,0.171452,-0.247453,
-0.501037,2.40476,-1.4773,-0.133047,-0.965985,0.191225,-0.236576,1.546,0.322882,-0.854589,1.89938,-1.74439,-1.53871,0.96446,-1.2047,-0.14332,-0.623478,0.583724,-0.264355,-1.18308,0.0290338,1.61152,-1.26914,-0.394729,-1.55333,1.2045,1.29741,-0.213779,-4.12152,0.228063,
-0.501037,2.40476,-1.4773,-0.133047,-0.965985,0.191225,-0.236576,1.546,0.322882,-0.854589,1.89938,-1.59718,-1.53871,0.96446,-1.2047,1.58428,-0.623478,0.583724,-0.79807,-1.18308,0.0290338,1.61152,-2.03299,1.22112,-0.853275,-0.190671,-1.38153,-1.1581,-0.726802,-1.52934,
-0.501037,2.40476,-1.4773,-0.133047,-0.965985,0.191225,-0.236576,1.546,0.322882,-0.854589,1.89938,-2.22001,-1.53871,0.96446,-1.2047,1.04691,-0.623478,0.583724,-1.23373,-1.18308,0.0290338,1.61152,0.151399,4.17878,-0.451525,-0.760837,-0.260455,0.560059,0.132651,0.16961,
-0.501037,2.40476,-1.4773,-0.133047,-0.965985,0.191225,-0.236576,1.546,0.322882,-0.854589,1.89938,-0.728141,-1.53871,0.96446,-1.2047,-0.64222,-0.623478,0.583724,-1.26475,-1.18308,0.0290338,1.61152,-1.61539,1.44535,2.08703,0.952542,-0.725823,0.8065,-1.11689,-1.18261,
-0.501037,2.40476,-1.4773,-0.133047,-0.965985,0.191225,-0.236576,1.546,0.322882,-0.854589,1.89938,-1.65526,-1.53871,0.96446,-1.2047,1.68798,-0.623478,0.583724,1.69444,-1.18308,0.0290338,1.61152,-1.77972,2.6483,-0.258712,0.907156,1.1735,1.58088,1.93421,-0.388484,
-0.501037,2.40476,-1.4773,-0.133047,-0.965985,0.191225,-0.236576,1.546,0.322882,-0.854589,1.89938,-2.30545,-1.53871,0.96446,-1.2047,-0.21432,-0.623478,0.583724,0.959875,-1.18308,0.0290338,1.61152,-2.13135,1.85022,-0.887818,-0.0646659,0.443982,4.01607,-1.78951,-0.595282,
-0.501037,2.40476,-1.4773,-0.133047,-0.965985,0.191225,-0.236576,1.546,0.322882,-0.854589,1.89938,-2.67306,-1.53871,0.96446,-1.2047,0.401572,-0.623478,0.583724,-0.581401,-1.18308,0.0290338,1.61152,-1.4932,-0.763541,-1.99949,-1.56498,1.66627,-0.690525,0.618877,-0.289414,
-0.501037,2.40476,-1.4773,-0.133047,-0.965985,0.191225,-0.236576,1.546,0.322882,-0.854589,1.89938,-3.40028,-1.53871,0.96446,-1.2047,0.603477,-0.623478,0.583724,0.177611,-1.18308,0.0290338,1.61152,-1.28511,-0.166373,2.07573,0.528456,-1.98819,-1.05878,-2.02977,1.92449,
-0.501037,2.40476,-1.4773,-0.133047,-0.965985,0.191225,-0.236576,1.546,0.322882,-0.854589,1.89938,-1.00526,-1.53871,0.96446,-1.2047,0.361446,-0.623478,0.583724,-0.960933,-1.18308,0.0290338,1.61152,-1.91819,1.29883,0.404039,-1.0784,-0.956918,2.22211,1.08862,0.237498,
-0.501037,2.40476,-1.4773,-0.133047,-0.965985,0.191225,-0.236576,1.546,0.322882,-0.854589,1.89938,-0.101357,-1.53871,0.96446,-1.2047,1.59536,-0.623478,0.583724,-0.904965,-1.18308,0.0290338,1.61152,-0.688822,-0.111656,2.08703,1.02618,-3.73281,-0.393359,0.00780818,-0.457214,
-0.501037,2.40476,-1.4773,-0.133047,-0.965985,0.191225,-0.236576,1.546,0.322882,-0.854589,1.89938,-1.68959,-1.53871,0.96446,-1.2047,1.48502,-0.623478,0.583724,-1.13509,-1.18308,0.0290338,1.61152,-0.939631,-0.650167,-1.83448,0.568594,0.266361,0.743218,0.497473,-2.45015,
-0.501037,2.40476,-1.4773,-0.133047,-0.965985,0.191225,-0.236576,1.546,0.322882,-0.854589,1.89938,-2.01124,-1.53871,0.96446,-1.2047,-0.0584732,-0.623478,0.583724,-0.0556748,-1.18308,0.0290338,1.61152,-0.61511,-1.14518,-2.9619,1.92718,0.818977,1.69792,0.867278,-1.18045,
-0.501037,2.40476,-1.4773,-0.133047,-0.965985,0.191225,-0.236576,1.546,0.322882,-0.854589,1.89938,-2.53065,-1.53871,0.96446,-1.2047,0.768283,-0.623478,0.583724,-0.506348,-1.18308,0.0290338,1.61152,-1.2986,1.04527,1.00132,-0.937851,-0.962283,1.58088,-0.55093,-0.970259,
-0.501037,2.40476,-1.4773,-0.133047,-0.965985,0.191225,-0.236576,1.546,0.322882,-0.854589,1.89938,-0.714888,-1.53871,0.96446,-1.2047,0.563314,-0.623478,0.583724,-1.57945,-1.18308,0.0290338,1.61152,-3.31709,1.34678,0.618876,3.17218,2.09301,3.36235,0.458883,-0.148872,
-0.501037,2.40476,-1.4773,-0.133047,-0.965985,0.191225,-0.236576,1.546,0.322882,-0.854589,1.89938,-1.59718,-1.53871,0.96446,-1.2047,1.3249,-0.623478,0.583724,-0.953487,-1.18308,0.0290338,1.61152,-1.60312,0.032825,-1.38517,-1.08505,0.390846,1.36996,0.144504,2.1225,
-0.501037,2.40476,-1.4773,-0.133047,-0.965985,0.191225,-0.236576,1.546,0.322882,-0.854589,1.89938,-0.821449,-1.53871,0.96446,-1.2047,-0.719793,-0.623478,0.583724,0.46057,-1.18308,0.0290338,1.61152,-0.25912,1.64584,-0.0920504,1.50398,-3.54734,0.682856,-0.810111,-1.65545,
-0.501037,2.40476,-1.4773,-0.133047,-0.965985,0.191225,-0.236576,1.546,0.322882,-0.854589,1.89938,0.446196,-1.53871,0.96446,-1.2047,1.14337,-0.623478,0.583724,0.141502,-1.18308,0.0290338,1.61152,-1.2135,0.0514039,-0.180965,1.41104,-2.15917,-1.34756,0.621759,1.93271,
-0.501037,2.40476,-1.4773,-0.133047,-0.965985,0.191225,-0.236576,1.546,0.322882,-0.854589,1.89938,-0.764095,-1.53871,0.96446,-1.2047,1.33876,-0.623478,0.583724,-0.866238,-1.18308,0.0290338,1.61152,-0.963459,1.28909,1.30165,-0.0999997,1.24532,0.663433,-0.147942,-2.38372,
-0.501037,2.40476,-1.4773,-0.133047,-0.965985,0.191225,-0.236576,1.546,0.322882,-0.854589,1.89938,-1.1027,-1.53871,0.96446,-1.2047,-0.426742,-0.623478,0.583724,-0.465652,-1.18308,0.0290338,1.61152,-1.08134,0.912225,-0.360051,2.53947,0.615868,0.96558,-2.39214,0.826308,
-0.501037,2.40476,-1.4773,-0.133047,-0.965985,0.191225,-0.236576,1.546,0.322882,-0.854589,1.89938,-2.93337,-1.53871,0.96446,-1.2047,1.44124,-0.623478,0.583724,-3.09103,-1.18308,0.0290338,1.61152,-1.24112,0.439228,-1.5645,1.71296,-1.97918,0.560059,0.0308404,-1.71099,
-0.501037,2.40476,-1.4773,-0.133047,-0.965985,0.191225,-0.236576,1.546,0.322882,-0.854589,1.89938,-0.0704273,-1.53871,0.96446,-1.2047,0.653627,-0.623478,0.583724,-0.975551,-1.18308,0.0290338,1.61152,-1.08134,-0.607041,-3.06283,0.303026,0.983252,-1.12407,-0.856861,0.692477,
-0.501037,2.40476,-1.4773,-0.133047,-0.965985,0.191225,-0.236576,1.546,0.322882,-0.854589,1.89938,0.731895,-1.53871,0.96446,-1.2047,1.43834,-0.623478,0.583724,-0.719396,-1.18308,0.0290338,1.61152,-2.49641,0.516583,0.84203,0.494112,-0.559146,-0.261173,-1.795,0.726562,
-0.501037,2.40476,-1.4773,-0.133047,-0.965985,0.191225,-0.236576,1.546,0.322882,-0.854589,1.89938,-2.91813,-1.53871,0.96446,-1.2047,0.135628,-0.623478,0.583724,-1.94911,-1.18308,0.0290338,1.61152,-1.41391,1.05751,-2.9546,0.32859,-2.03785,0.465638,0.807424,-2.36691,
-0.501037,2.40476,-1.4773,-0.133047,-0.965985,0.191225,-0.236576,1.546,0.322882,-0.854589,1.89938,0.812014,-1.53871,0.96446,-1.2047,3.30067,-0.623478,0.583724,0.104031,-1.18308,0.0290338,1.61152,-1.24027,0.0938698,-1.27556,1.87795,-0.897946,-0.379047,1.50359,0.668211,
-0.501037,2.40476,-1.4773,-0.133047,-0.965985,0.191225,-0.236576,1.546,0.322882,-0.854589,1.89938,-0.155056,-1.53871,0.96446,-1.2047,-0.479752,-0.623478,0.583724,0.227373,-1.18308,0.0290338,1.61152,-1.32232,-0.783029,-0.47534,-1.77161,-1.05771,0.272248,2.97367,0.78689,
-0.501037,2.40476,-1.4773,-0.133047,-0.965985,0.191225,-0.236576,1.546,0.322882,-0.854589,1.89938,-1.21283,-1.53871,0.96446,-1.2047,-0.21941,-0.623478,0.583724,-0.254056,-1.18308,0.0290338,1.61152,-0.939631,1.34926,-1.60275,0.938532,0.53462,-0.544606,-1.47903,0.446864,
-0.501037,2.40476,-1.4773,-0.133047,-0.965985,0.191225,-0.236576,1.546,0.322882,-0.854589,1.89938,-0.90561,-1.53871,0.96446,-1.2047,0.915501,-0.623478,0.583724,1.12701,-1.18308,0.0290338,1.61152,-0.751899,0.604581,-2.67867,0.92003,-0.605932,2.3071,0.746188,0.63975,
-0.501037,2.40476,-1.4773,-0.133047,-0.965985,0.191225,-0.236576,1.546,0.322882,-0.854589,1.89938,-1.88965,-1.53871,0.96446,-1.2047,1.75015,-0.623478,0.583724,-3.0731,-1.18308,0.0290338,1.61152,0.232268,1.82694,-0.474961,4.25429,-0.749712,-1.10748,-0.554684,1.00653,
-0.501037,2.40476,-1.4773,-0.133047,-0.965985,0.191225,-0.236576,1.546,0.322882,-0.854589,1.89938,-1.08785,-1.53871,0.96446,-1.2047,1.1936,-0.623478,0.583724,0.00686278,-1.18308,0.0290338,1.61152,-1.31125,1.81503,2.20727,-0.969289,-0.813288,2.75157,-0.320074,1.74741,
-0.501037,2.40476,-1.4773,-0.133047,-0.965985,0.191225,-0.236576,1.546,0.322882,-0.854589,1.89938,-0.237992,-1.53871,0.96446,-1.2047,0.704152,-0.623478,0.583724,-3.0993,-1.18308,0.0290338,1.61152,-1.81734,-0.695696,-1.02741,1.59071,-1.37961,-0.590496,0.939657,2.1142,
-0.501037,2.40476,-1.4773,-0.133047,-0.965985,0.191225,-0.236576,1.546,0.322882,-0.854589,1.89938,0.147492,-1.53871,0.96446,-1.2047,0.563314,-0.623478,0.583724,-0.426356,-1.18308,0.0290338,1.61152,0.0418598,0.365995,-1.98019,-0.356797,0.176658,-0.541386,0.514039,1.81562,
-0.501037,2.40476,-1.4773,-0.133047,-0.965985,0.191225,-0.236576,1.546,0.322882,-0.854589,1.89938,-1.49675,-1.53871,0.96446,-1.2047,0.156368,-0.623478,0.583724,0.46057,-1.18308,0.0290338,1.61152,-2.53439,-0.903034,-0.0187787,0.0658219,-0.116276,0.261324,0.57134,-0.322561,
-0.501037,2.40476,-1.4773,-0.133047,-0.965985,0.191225,-0.236576,1.546,0.322882,-0.854589,1.89938,-0.330514,-1.53871,0.96446,-1.2047,0.749438,-0.623478,0.583724,0.16045,-1.18308,0.0290338,1.61152,-0.378769,2.39681,-1.10689,-0.967168,0.00500926,1.57088,-0.498024,0.825062,
-0.501037,2.40476,-1.4773,-0.133047,-0.965985,0.191225,-0.236576,1.546,0.322882,-0.854589,1.89938,-1.38544,-1.53871,0.96446,-1.2047,1.59412,-0.623478,0.583724,-0.62434,-1.18308,0.0290338,1.61152,-0.0849902,0.302296,-2.48077,0.622707,0.951531,3.40109,-1.28437,-0.198885,
-0.501037,2.40476,-1.4773,-0.133047,-0.965985,0.191225,-0.236576,1.546,0.322882,-0.854589,1.89938,0.387297,-1.53871,0.96446,-1.2047,-0.0552238,-0.623478,0.583724,0.177426,-1.18308,0.0290338,1.61152,-0.916518,-0.729552,0.88229,0.236515,-0.822157,4.01607,-0.228672,1.81228,
-0.501037,2.40476,-1.4773,-0.133047,-0.965985,0.191225,-0.236576,1.546,0.322882,-0.854589,1.89938,-2.18603,-1.53871,0.96446,-1.2047,0.350334,-0.623478,0.583724,1.62677,-1.18308,0.0290338,1.61152,-0.0618935,0.0503093,1.8375,2.19331,-2.03167,0.692281,-0.954317,-0.264985,
-0.501037,2.40476,-1.4773,-0.133047,-0.965985,0.191225,-0.236576,1.546,0.322882,-0.854589,1.89938,-2.41206,-1.53871,0.96446,-1.2047,1.64249,-0.623478,0.583724,1.09221,-1.18308,0.0290338,1.61152,-1.03815,-1.28569,0.774372,0.51737,-1.85445,1.34313,-0.685934,0.413033,
-0.501037,2.40476,-1.4773,-0.133047,-0.965985,0.191225,-0.236576,1.546,0.322882,-0.854589,1.89938,0.175152,-1.53871,0.96446,-1.2047,-1.32881,-0.623478,0.583724,0.686248,-1.18308,0.0290338,1.61152,-1.78605,0.459137,-2.22813,-0.594694,1.06854,1.85944,1.11474,-1.66854,
-0.501037,2.40476,-1.4773,-0.133047,-0.965985,0.191225,-0.236576,1.546,0.322882,-0.854589,1.89938,-2.50318,-1.53871,0.96446,-1.2047,1.45997,-0.623478,0.583724,-1.79536,-1.18308,0.0290338,1.61152,-1.23788,-0.0373109,-0.187885,1.68509,-1.08054,-0.574596,1.38091,-1.81119,
-0.501037,2.40476,-1.4773,-0.133047,-0.965985,0.191225,-0.236576,1.546,0.322882,-0.854589,1.89938,0.61886,-1.53871,0.96446,-1.2047,-1.32881,-0.623478,0.583724,0.255305,-1.18308,0.0290338,1.61152,-1.34549,0.290616,-0.34252,3.02337,-0.428078,2.59343,0.738933,0.250461,
-0.501037,2.40476,-1.4773,-0.133047,-0.965985,0.191225,-0.236576,1.546,0.322882,-0.854589,1.89938,-0.628705,-1.53871,0.96446,-1.2047,2.54449,-0.623478,0.583724,-0.698875,-1.18308,0.0290338,1.61152,0.345465,1.44892,-2.08459,2.18085,-0.830708,0.528751,1.17394,0.331173,
-0.501037,2.40476,-1.4773,-0.133047,-0.965985,0.191225,-0.236576,1.546,0.322882,-0.854589,1.89938,-0.237992,-1.53871,0.96446,-1.2047,0.793241,-0.623478,0.583724,-1.4061,-1.18308,0.0290338,1.61152,0.771048,-1.09545,-0.819264,0.744525,0.21747,0.162954,-1.05789,1.84679,
-0.501037,2.40476,-1.4773,-0.133047,-0.965985,0.191225,-0.236576,1.546,0.322882,-0.854589,1.89938,-1.46316,-1.53871,0.96446,-1.2047,-0.812957,-0.623478,0.583724,0.034255,-1.18308,0.0290338,1.61152,0.456658,0.325884,0.023484,1.66325,-0.563205,1.65881,1.98501,-2.17422,
-0.501037,2.40476,-1.4773,-0.133047,-0.965985,0.191225,-0.236576,1.546,0.322882,-0.854589,1.89938,-0.506236,-1.53871,0.96446,-1.2047,1.67255,-0.623478,0.583724,1.07255,-1.18308,0.0290338,1.61152,-1.8596,0.187954,-1.93351,-0.67081,-0.376998,-1.09426,-1.35684,-1.19222,
-0.501037,2.40476,-1.4773,-0.133047,-0.965985,0.191225,-0.236576,1.546,0.322882,-0.854589,1.89938,-1.73361,-1.53871,0.96446,-1.2047,0.985418,-0.623478,0.583724,-0.040892,-1.18308,0.0290338,1.61152,-1.02386,0.410738,-2.65447,-0.661708,0.713623,1.66744,-1.69331,-0.393124,
-0.501037,2.40476,-1.4773,-0.133047,-0.965985,0.191225,-0.236576,1.546,0.322882,-0.854589,1.89938,-2.54561,-1.53871,0.96446,-1.2047,3.03786,-0.623478,0.583724,0.467168,-1.18308,0.0290338,1.61152,-2.62024,1.90659,-0.222278,-0.307841,-1.60634,2.0204,0.000546943,-1.03809,
-0.501037,2.40476,-1.4773,-0.133047,-0.965985,0.191225,-0.236576,1.546,0.322882,-0.854589,1.89938,-1.96968,-1.53871,0.96446,-1.2047,0.228293,-0.623478,0.583724,-0.338862,-1.18308,0.0290338,1.61152,1.17012,1.67348,-1.42133,4.13507,-0.74719,0.216398,-1.10304,2.328,
-0.501037,2.40476,-1.4773,-0.133047,-0.965985,0.191225,-0.236576,1.546,0.322882,-0.854589,1.89938,-1.76545,-1.53871,0.96446,-1.2047,1.21151,-0.623478,0.583724,-0.723267,-1.18308,0.0290338,1.61152,0.787932,-0.0373109,0.280188,0.577346,-0.0755611,0.232323,-2.8251,-0.0490946,
-0.501037,2.40476,-1.4773,-0.133047,-0.965985,0.191225,-0.236576,1.546,0.322882,-0.854589,1.89938,-0.00642616,-1.53871,0.96446,-1.2047,2.39134,-0.623478,0.583724,-1.87424,-1.18308,0.0290338,1.61152,-0.326948,2.06317,-1.48743,0.482417,0.376254,2.33157,0.167422,1.48111,
-0.501037,2.40476,-1.4773,-0.133047,-0.965985,0.191225,-0.236576,1.546,0.322882,-0.854589,1.89938,-2.02405,-1.53871,0.96446,-1.2047,1.41758,-0.623478,0.583724,-0.115356,-1.18308,0.0290338,1.61152,-0.59133,-0.415152,1.3651,-1.39306,0.430789,0.137801,-1.47903,2.56004,
-0.501037,2.40476,-1.4773,-0.133047,-0.965985,0.191225,-0.236576,1.546,0.322882,-0.854589,1.89938,0.115456,-1.53871,0.96446,-1.2047,1.10326,-0.623478,0.583724,-0.927712,-1.18308,0.0290338,1.61152,-0.723535,-0.153036,-1.55282,-1.92706,-1.61575,-1.79036,0.914415,2.69346,
-0.501037,2.40476,-1.4773,-0.133047,-0.965985,0.191225,-0.236576,1.546,0.322882,-0.854589,1.89938,-0.893305,-1.53871,0.96446,-1.2047,1.49724,-0.623478,0.583724,1.16492,-1.18308,0.0290338,1.61152,-1.35169,1.87087,2.96531,0.390222,0.332604,0.697627,0.195402,3.0067,
-0.501037,2.40476,-1.4773,-0.133047,-0.965985,0.191225,-0.236576,1.546,0.322882,-0.854589,1.89938,-1.68507,-1.53871,0.96446,-1.2047,0.60283,-0.623478,0.583724,2.00453,-1.18308,0.0290338,1.61152,-1.05886,0.301179,-0.518202,1.71296,-0.766822,-1.19271,-1.11565,-1.07098,
-0.501037,2.40476,-1.4773,-0.133047,-0.965985,0.191225,-0.236576,1.546,0.322882,-0.854589,1.89938,-0.739441,-1.53871,0.96446,-1.2047,-0.194242,-0.623478,0.583724,-0.617071,-1.18308,0.0290338,1.61152,-0.403116,1.3644,-1.10164,1.58803,1.1254,-0.80718,-1.14198,0.757203,
-0.501037,2.40476,-1.4773,-0.133047,-0.965985,0.191225,-0.236576,1.546,0.322882,-0.854589,1.89938,-3.20486,-1.53871,0.96446,-1.2047,0.975388,-0.623478,0.583724,-1.83109,-1.18308,0.0290338,1.61152,-1.44773,1.5157,0.316259,0.27106,0.965325,-1.02452,-1.78762,0.39223,
-0.501037,2.40476,-1.4773,-0.133047,-0.965985,0.191225,-0.236576,1.546,0.322882,-0.854589,1.89938,-2.17056,-1.53871,0.96446,-1.2047,0.466619,-0.623478,0.583724,0.467168,-1.18308,0.0290338,1.61152,-0.776021,-0.379179,-0.321622,-0.054352,-0.0418176,1.56398,-0.828295,2.42366,
-0.501037,2.40476,-1.4773,-0.133047,-0.965985,0.191225,-0.236576,1.546,0.322882,-0.854589,1.89938,-0.834115,-1.53871,0.96446,-1.2047,1.64434,-0.623478,0.583724,0.426741,-1.18308,0.0290338,1.61152,-0.0177488,1.37857,-0.927127,-0.848811,-1.48766,2.0204,1.19225,0.0345172,
-0.501037,2.40476,-1.4773,-0.133047,-0.965985,0.191225,-0.236576,1.546,0.322882,-0.854589,1.89938,-2.17604,-1.53871,0.96446,-1.2047,0.00134741,-0.623478,0.583724,-0.366143,-1.18308,0.0290338,1.61152,-0.712515,0.919518,-0.848874,0.792793,-2.54194,1.38659,2.77717,-0.723483,
-0.501037,2.40476,-1.4773,-0.133047,-0.965985,0.191225,-0.236576,1.546,0.322882,-0.854589,1.89938,-1.09739,-1.53871,0.96446,-1.2047,-0.49076,-0.623478,0.583724,-1.85669,-1.18308,0.0290338,1.61152,-0.392003,-0.575984,-1.35534,0.453409,-0.723608,0.597397,-2.01059,4.06946,
-0.501037,2.40476,-1.4773,-0.133047,-0.965985,0.191225,-0.236576,1.546,0.322882,-0.854589,1.89938,-0.893305,-1.53871,0.96446,-1.2047,1.64821,-0.623478,0.583724,-0.756356,-1.18308,0.0290338,1.61152,-1.4878,0.738702,0.180111,-1.1776,-0.703834,0.563473,-3.28254,0.201862,
-0.501037,2.40476,-1.4773,-0.133047,-0.965985,0.191225,-0.236576,1.546,0.322882,-0.854589,1.89938,0.145714,-1.53871,0.96446,-1.2047,-1.74293,-0.623478,0.583724,-0.172213,-1.18308,0.0290338,1.61152,-0.570122,1.00727,-1.08448,-1.31676,0.0643281,0.640582,2.54466,0.488597,
-0.501037,2.40476,-1.4773,-0.133047,-0.965985,0.191225,-0.236576,1.546,0.322882,-0.854589,1.89938,-2.66414,-1.53871,0.96446,-1.2047,-0.0201084,-0.623478,0.583724,-0.388489,-1.18308,0.0290338,1.61152,-1.60182,-0.207075,-0.819264,-1.51483,-3.46959,0.256633,-0.0967224,1.02736,
-0.501037,2.40476,-1.4773,-0.133047,-0.965985,0.191225,-0.236576,1.546,0.322882,-0.854589,1.89938,0.19749,-1.53871,0.96446,-1.2047,1.20828,-0.623478,0.583724,-0.635917,-1.18308,0.0290338,1.61152,-0.362037,-1.03541,0.316259,-0.530972,-1.12449,-3.21009,-0.228672,-0.738418,
-0.501037,2.40476,-1.4773,-0.133047,-0.965985,0.191225,-0.236576,1.546,0.322882,-0.854589,1.89938,-1.15382,-1.53871,0.96446,-1.2047,0.294646,-0.623478,0.583724,-0.985187,-1.18308,0.0290338,1.61152,-1.52695,1.68989,0.566388,0.594481,-0.694947,-0.00850966,0.901718,0.0589737,
-0.501037,2.40476,-1.4773,-0.133047,-0.965985,0.191225,-0.236576,1.546,0.322882,-0.854589,1.89938,-2.05742,-1.53871,0.96446,-1.2047,0.568611,-0.623478,0.583724,0.721481,-1.18308,0.0290338,1.61152,-0.835256,0.713627,-1.83073,-1.31676,-1.33838,0.405754,-0.211576,-0.10589,
-0.501037,2.40476,-1.4773,-0.133047,-0.965985,0.191225,-0.236576,1.546,0.322882,-0.854589,1.89938,-0.9167,-1.53871,0.96446,-1.2047,-1.30053,-0.623478,0.583724,-0.178519,-1.18308,0.0290338,1.61152,-1.78103,1.82878,-2.8181,0.659542,1.27698,-0.899968,0.914415,-0.7722,
-0.501037,2.40476,-1.4773,-0.133047,-0.965985,0.191225,-0.236576,1.546,0.322882,-0.854589,1.89938,-1.42308,-1.53871,0.96446,-1.2047,0.560749,-0.623478,0.583724,-1.02848,-1.18308,0.0290338,1.61152,-0.974838,1.91481,-2.81409,0.954863,-0.126207,0.492064,-2.32737,-1.77128,
-0.501037,2.40476,-1.4773,-0.133047,-0.965985,0.191225,-0.236576,1.546,0.322882,-0.854589,1.89938,0.731895,-1.53871,0.96446,-1.2047,2.19939,-0.623478,0.583724,-0.873433,-1.18308,0.0290338,1.61152,-0.610085,1.28276,0.832702,-0.0777,-0.55191,0.449804,0.066206,1.00653,
-0.501037,2.40476,-1.4773,-0.133047,-0.965985,0.191225,-0.236576,1.546,0.322882,-0.854589,1.89938,-2.02278,-1.53871,0.96446,-1.2047,1.2251,-0.623478,0.583724,0.580344,-1.18308,0.0290338,1.61152,-1.3697,0.023308,-0.0576061,0.799877,-0.125363,-0.379047,0.914415,0.738768,
-0.501037,2.40476,-1.4773,-0.133047,-0.965985,0.191225,-0.236576,1.546,0.322882,-0.854589,1.89938,-2.36752,-1.53871,0.96446,-1.2047,2.8091,-0.623478,0.583724,-1.13414,-1.18308,0.0290338,1.61152,-2.12575,1.14088,-0.877841,1.59623,0.0792096,-1.00643,-0.168097,0.658595,
-0.501037,2.40476,-1.4773,-0.133047,-0.965985,0.191225,-0.236576,1.546,0.322882,-0.854589,1.89938,-0.760407,-1.53871,0.96446,-1.2047,1.37386,-0.623478,0.583724,-0.0856905,-1.18308,0.0290338,1.61152,-1.41873,0.253743,-2.16779,1.49427,1.66543,-1.08056,-0.971923,-0.638547,
-0.501037,2.40476,-1.4773,-0.133047,-0.965985,0.191225,-0.236576,1.546,0.322882,-0.854589,1.89938,-0.456166,-1.53871,0.96446,-1.2047,2.26219,-0.623478,0.583724,0.863261,-1.18308,0.0290338,1.61152,-0.175091,0.59864,-1.74136,-0.207542,0.830752,-1.3417,-0.180957,-1.33621,
-0.501037,2.40476,-1.4773,-0.133047,-0.965985,0.191225,-0.236576,1.546,0.322882,-0.854589,1.89938,-2.81734,-1.53871,0.96446,-1.2047,1.85847,-0.623478,0.583724,0.478479,-1.18308,0.0290338,1.61152,-4.54897,0.714057,-1.10164,-1.17736,-1.97908,-0.598137,3.28966,-0.396137,
-0.501037,2.40476,-1.4773,-0.133047,-0.965985,0.191225,-0.236576,1.546,0.322882,-0.854589,1.89938,0.412819,-1.53871,0.96446,-1.2047,-0.156884,-0.623478,0.583724,-1.80911,-1.18308,0.0290338,1.61152,-1.77972,-1.01446,-0.161867,-3.38128,-2.03167,1.09236,-1.03099,-0.768371,
-0.501037,2.40476,-1.4773,-0.133047,-0.965985,0.191225,-0.236576,1.546,0.322882,-0.854589,1.89938,-0.840619,-1.53871,0.96446,-1.2047,1.24179,-0.623478,0.583724,-1.37079,-1.18308,0.0290338,1.61152,-1.97491,-1.09545,-0.117169,-2.12996,1.19322,-0.884771,-4.47108,-0.385036,
-0.501037,2.40476,-1.4773,-0.133047,-0.965985,0.191225,-0.236576,1.546,0.322882,-0.854589,1.89938,-2.01124,-1.53871,0.96446,-1.2047,1.95676,-0.623478,0.583724,0.153737,-1.18308,0.0290338,1.61152,-1.24394,1.26269,1.26359,2.19397,1.14192,1.79538,-2.15057,0.226469,
-0.501037,2.40476,-1.4773,-0.133047,-0.965985,0.191225,-0.236576,1.546,0.322882,-0.854589,1.89938,-2.08817,-1.53871,0.96446,-1.2047,1.66049,-0.623478,0.583724,-0.960516,-1.18308,0.0290338,1.61152,-2.02785,2.18077,0.288362,1.37585,0.170701,2.03152,-0.51981,-1.1856,
-0.501037,2.40476,-1.4773,-0.133047,-0.965985,0.191225,-0.236576,1.546,0.322882,-0.854589,1.89938,-0.85246,-1.53871,0.96446,-1.2047,1.72579,-0.623478,0.583724,-0.0503582,-1.18308,0.0290338,1.61152,-0.84109,0.0503093,-2.24872,0.570014,-0.428078,0.225901,-2.00692,-0.177633,
-0.501037,2.40476,-1.4773,-0.133047,-0.965985,0.191225,-0.236576,1.546,0.322882,-0.854589,1.89938,-2.90175,-1.53871,0.96446,-1.2047,1.48981,-0.623478,0.583724,-2.59183,-1.18308,0.0290338,1.61152,-0.152555,0.197366,1.16305,0.71395,0.706136,1.44567,-1.10952,-1.50978,
-0.501037,2.40476,-1.4773,-0.133047,-0.965985,0.191225,-0.236576,1.546,0.322882,-0.854589,1.89938,-0.2386,-1.53871,0.96446,-1.2047,1.50994,-0.623478,0.583724,0.188,-1.18308,0.0290338,1.61152,-0.732501,0.388465,-2.65113,-0.731374,-0.398314,-1.62599,1.04963,-2.41101,
-0.501037,2.40476,-1.4773,-0.133047,-0.965985,0.191225,-0.236576,1.546,0.322882,-0.854589,1.89938,-2.34883,-1.53871,0.96446,-1.2047,0.865841,-0.623478,0.583724,-0.650492,-1.18308,0.0290338,1.61152,-0.698709,1.82404,0.249547,-1.08505,2.30987,-0.680749,1.5092,-1.44448,
-0.501037,2.40476,-1.4773,-0.133047,-0.965985,0.191225,-0.236576,1.546,0.322882,-0.854589,1.89938,-1.78484,-1.53871,0.96446,-1.2047,1.08897,-0.623478,0.583724,-1.60456,-1.18308,0.0290338,1.61152,-2.25782,-0.185964,-0.752749,0.86994,1.22855,-0.847668,-1.45319,-1.92126,
-0.501037,2.40476,-1.4773,-0.133047,-0.965985,0.191225,-0.236576,1.546,0.322882,-0.854589,1.89938,-3.29902,-1.53871,0.96446,-1.2047,1.49626,-0.623478,0.583724,0.53496,-1.18308,0.0290338,1.61152,-2.30233,-1.03239,-1.39739,0.406611,-1.32358,-3.42537,-1.33495,-0.602459,
-0.501037,2.40476,-1.4773,-0.133047,-0.965985,0.191225,-0.236576,1.546,0.322882,-0.854589,1.89938,-1.22613,-1.53871,0.96446,-1.2047,1.79455,-0.623478,0.583724,0.065284,-1.18308,0.0290338,1.61152,-1.03803,3.34733,-2.48037,0.39906,-0.301609,0.128588,0.249674,-1.71352,
-0.501037,2.40476,-1.4773,-0.133047,-0.965985,0.191225,-0.236576,1.546,0.322882,-0.854589,1.89938,-0.491438,-1.53871,0.96446,-1.2047,2.46141,-0.623478,0.583724,-0.759387,-1.18308,0.0290338,1.61152,-1.78441,0.105,-0.267285,1.96101,0.639587,1.03428,0.148389,-1.0678,
-0.501037,2.40476,-1.4773,-0.133047,-0.965985,0.191225,-0.236576,1.546,0.322882,-0.854589,1.89938,-0.772353,-1.53871,0.96446,-1.2047,-1.02823,-0.623478,0.583724,0.141502,-1.18308,0.0290338,1.61152,-0.498189,1.41797,-0.685301,0.570014,0.727516,-0.297529,-1.71695,1.53037,
-0.501037,2.40476,-1.4773,-0.133047,-0.965985,0.191225,-0.236576,1.546,0.322882,-0.854589,1.89938,-1.88592,-1.53871,0.96446,-1.2047,0.22689,-0.623478,0.583724,-0.256763,-1.18308,0.0290338,1.61152,-1.55581,-0.850637,2.35145,-0.44554,-0.192552,1.26179,0.2255,2.13499,
-0.501037,2.40476,-1.4773,-0.133047,-0.965985,0.191225,-0.236576,1.546,0.322882,-0.854589,1.89938,-0.563199,-1.53871,0.96446,-1.2047,1.44577,-0.623478,0.583724,-1.48485,-1.18308,0.0290338,1.61152,-0.195188,1.62175,-0.261018,-0.0112328,1.5807,0.2034,0.619345,-2.50272,
-0.501037,2.40476,-1.4773,-0.133047,-0.965985,0.191225,-0.236576,1.546,0.322882,-0.854589,1.89938,-1.537,-1.53871,0.96446,-1.2047,2.25995,-0.623478,0.583724,0.426383,-1.18308,0.0290338,1.61152,-1.57111,4.63626,-0.63965,-0.169682,-1.91647,-0.373464,-2.98654,1.79131,
-0.501037,2.40476,-1.4773,-0.133047,-0.965985,0.191225,-0.236576,1.546,0.322882,-0.854589,1.89938,-2.11039,-1.53871,0.96446,-1.2047,-0.00412155,-0.623478,0.583724,-0.792638,-1.18308,0.0290338,1.61152,-1.17575,0.638554,-0.363322,1.94258,-1.87426,-0.13696,1.22609,-0.12888,
-0.501037,2.40476,-1.4773,-0.133047,-0.965985,0.191225,-0.236576,1.546,0.322882,-0.854589,1.89938,-3.00514,-1.53871,0.96446,-1.2047,0.228293,-0.623478,0.583724,-1.31472,-1.18308,0.0290338,1.61152,-2.1451,1.0388,0.439384,1.0816,-0.886898,0.299419,0.0400918,-2.17375,
-0.501037,2.40476,-1.4773,-0.133047,-0.965985,0.191225,-0.236576,1.546,0.322882,-0.854589,1.89938,0.0159029,-1.53871,0.96446,-1.2047,0.984449,-0.623478,0.583724,-1.63256,-1.18308,0.0290338,1.61152,-2.77099,2.7455,-1.05204,-0.675092,-1.36918,-1.80586,-2.1017,-0.375912,
-0.501037,2.40476,-1.4773,-0.133047,-0.965985,0.191225,-0.236576,1.546,0.322882,-0.854589,1.89938,-2.67457,-1.53871,0.96446,-1.2047,1.2251,-0.623478,0.583724,0.64662,-1.18308,0.0290338,1.61152,-1.78489,0.154526,-1.492,0.938532,-0.0495831,1.22224,1.88137,-0.215861,
-0.501037,2.40476,-1.4773,-0.133047,-0.965985,0.191225,-0.236576,1.546,0.322882,-0.854589,1.89938,-0.333007,-1.53871,0.96446,-1.2047,1.78151,-0.623478,0.583724,-0.688286,-1.18308,0.0290338,1.61152,-2.67897,-0.0588731,-0.840961,0.702716,-1.88102,3.41975,-1.46691,-0.80972,
-0.501037,2.40476,-1.4773,-0.133047,-0.965985,0.191225,-0.236576,1.546,0.322882,-0.854589,1.89938,-0.882865,-1.53871,0.96446,-1.2047,0.362934,-0.623478,0.583724,1.67158,-1.18308,0.0290338,1.61152,-0.634026,0.023308,-0.503096,1.56343,-0.0959851,2.11778,0.638104,0.0384915,
-0.501037,2.40476,-1.4773,-0.133047,-0.965985,0.191225,-0.236576,1.546,0.322882,-0.854589,1.89938,-1.75555,-1.53871,0.96446,-1.2047,0.78506,-0.623478,0.583724,0.45725,-1.18308,0.0290338,1.61152,-0.512039,1.10918,-0.793264,-2.07562,0.533449,1.27459,1.57295,0.147279,
-0.501037,2.40476,-1.4773,-0.133047,-0.965985,0.191225,-0.236576,1.546,0.322882,-0.854589,1.89938,-3.20985,-1.53871,0.96446,-1.2047,-0.198177,-0.623478,0.583724,0.214284,-1.18308,0.0290338,1.61152,-0.849981,0.511093,-0.811631,-1.21412,0.396194,0.850843,0.848254,2.96582,
-0.501037,2.40476,-1.4773,-0.133047,-0.965985,0.191225,-0.236576,1.546,0.322882,-0.854589,1.89938,-2.14412,-1.53871,0.96446,-1.2047,-0.617849,-0.623478,0.583724,-1.06354,-1.18308,0.0290338,1.61152,-1.24156,-0.176253,-1.45712,0.836437,-3.05896,1.78553,0.00540243,-0.863235,
-0.501037,2.40476,-1.4773,-0.133047,-0.965985,0.191225,-0.236576,1.546,0.322882,-0.854589,1.89938,-1.35148,-1.53871,0.96446,-1.2047,0.235669,-0.623478,0.583724,0.573913,-1.18308,0.0290338,1.61152,0.201493,0.156907,0.859269,0.350988,-0.298658,-0.899968,-0.728217,1.60574,
-0.501037,2.40476,-1.4773,-0.133047,-0.965985,0.191225,-0.236576,1.546,0.322882,-0.854589,1.89938,-0.282107,-1.53871,0.96446,-1.2047,-1.89381,-0.623478,0.583724,-0.283496,-1.18308,0.0290338,1.61152,-2.86666,0.948564,-0.921619,-0.975107,-1.40002,-1.19271,0.681942,-0.539212,
-0.501037,2.40476,-1.4773,-0.133047,-0.965985,0.191225,-0.236576,1.546,0.322882,-0.854589,1.89938,0.396425,-1.53871,0.96446,-1.2047,1.79156,-0.623478,0.583724,0.442696,-1.18308,0.0290338,1.61152,-0.512039,0.820637,0.150078,0.49449,-1.21339,2.13714,-0.984231,1.31422,
-0.501037,2.40476,-1.4773,-0.133047,-0.965985,0.191225,-0.236576,1.546,0.322882,-0.854589,1.89938,0.656792,-1.53871,0.96446,-1.2047,0.672723,-0.623478,0.583724,0.680835,-1.18308,0.0290338,1.61152,-1.25222,0.638949,0.485716,0.252616,-1.93974,1.45635,-0.777734,2.72249,
-0.501037,2.40476,-1.4773,-0.133047,-0.965985,0.191225,-0.236576,1.546,0.322882,-0.854589,1.89938,-1.96075,-1.53871,0.96446,-1.2047,-0.205994,-0.623478,0.583724,-0.845074,-1.18308,0.0290338,1.61152,-2.73672,0.407177,-0.00483137,1.03763,0.533449,0.752357,-3.03776,-0.701237,
-0.501037,2.40476,-1.4773,-0.133047,-0.965985,0.191225,-0.236576,1.546,0.322882,-0.854589,1.89938,1.57953,-1.53871,0.96446,-1.2047,2.10623,-0.623478,0.583724,0.184933,-1.18308,0.0290338,1.61152,-2.51845,0.536326,-1.89359,1.16095,-0.546258,-0.588498,-0.520094,-1.99375,
-0.501037,2.40476,-1.4773,-0.133047,-0.965985,0.191225,-0.236576,1.546,0.322882,-0.854589,1.89938,-1.23119,-1.53871,0.96446,-1.2047,0.418934,-0.623478,0.583724,-0.0177358,-1.18308,0.0290338,1.61152,-1.44122,0.779244,-0.579483,-0.46878,-1.34955,-1.60872,-0.173376,-0.0696294,
-0.501037,2.40476,-1.4773,-0.133047,-0.965985,0.191225,-0.236576,1.546,0.322882,-0.854589,1.89938,-0.263069,-1.53871,0.96446,-1.2047,1.8128,-0.623478,0.583724,-0.33291,-1.18308,0.0290338,1.61152,-1.88783,0.933107,0.312095,-0.00975733,-1.96957,0.750914,-0.760308,-0.827996,
-0.501037,2.40476,-1.4773,-0.133047,-0.965985,0.191225,-0.236576,1.546,0.322882,-0.854589,1.89938,-0.852746,-1.53871,0.96446,-1.2047,1.08322,-0.623478,0.583724,0.939221,-1.18308,0.0290338,1.61152,-2.45571,2.57183,-0.258712,2.20093,0.117213,0.716781,-1.80004,-2.50272,
-0.501037,2.40476,-1.4773,-0.133047,-0.965985,0.191225,-0.236576,1.546,0.322882,-0.854589,1.89938,0.344365,-1.53871,0.96446,-1.2047,1.68798,-0.623478,0.583724,0.580344,-1.18308,0.0290338,1.61152,-0.790608,1.48766,1.82349,-0.870424,0.139914,-0.928448,-1.10304,1.66535,
-0.501037,2.40476,-1.4773,-0.133047,-0.965985,0.191225,-0.236576,1.546,0.322882,-0.854589,1.89938,0.372477,-1.53871,0.96446,-1.2047,0.0237699,-0.623478,0.583724,-0.718676,-1.18308,0.0290338,1.61152,-1.11483,-0.38442,-2.92345,2.39791,-0.301609,-1.71932,-0.924903,0.709068,
-0.501037,2.40476,-1.4773,-0.133047,-0.965985,0.191225,-0.236576,1.546,0.322882,-0.854589,1.89938,-2.80836,-1.53871,0.96446,-1.2047,1.49626,-0.623478,0.583724,1.45912,-1.18308,0.0290338,1.61152,-2.29486,2.64635,1.29075,-0.441575,0.697486,0.20269,-1.21857,2.31516,
-0.501037,2.40476,-1.4773,-0.133047,-0.965985,0.191225,-0.236576,1.546,0.322882,-0.854589,1.89938,0.390645,-1.53871,0.96446,-1.2047,1.40569,-0.623478,0.583724,0.931869,-1.18308,0.0290338,1.61152,0.155833,-0.415597,-0.465237,1.92035,0.143878,1.14978,-1.05223,-2.53307,
-0.501037,2.40476,-1.4773,-0.133047,-0.965985,0.191225,-0.236576,1.546,0.322882,-0.854589,1.89938,-1.0348,-1.53871,0.96446,-1.2047,-1.03671,-0.623478,0.583724,-1.14024,-1.18308,0.0290338,1.61152,-0.825469,1.16378,-0.360051,2.49753,-0.0144354,2.26366,-2.04414,1.99039,
-0.501037,2.40476,-1.4773,-0.133047,-0.965985,0.191225,-0.236576,1.546,0.322882,-0.854589,1.89938,-2.96463,-1.53871,0.96446,-1.2047,0.243984,-0.623478,0.583724,0.318991,-1.18308,0.0290338,1.61152,-0.825301,0.327652,1.53671,-0.193446,-1.34955,1.98214,-0.159254,0.404972,
-0.501037,2.40476,-1.4773,-0.133047,-0.965985,0.191225,-0.236576,1.546,0.322882,-0.854589,1.89938,-2.90705,-1.53871,0.96446,-1.2047,0.951874,-0.623478,0.583724,0.119099,-1.18308,0.0290338,1.61152,-0.0285205,0.687327,-0.145142,-1.35529,0.383007,1.77364,0.0574244,-1.76045,
-0.501037,2.40476,-1.4773,-0.133047,-0.965985,0.191225,-0.236576,1.546,0.322882,-0.854589,1.89938,-1.50164,-1.53871,0.96446,-1.2047,1.43688,-0.623478,0.583724,-2.82775,-1.18308,0.0290338,1.61152,-1.54322,1.77241,-1.444,-0.524196,1.11029,2.59773,-2.0805,1.93271,
-0.501037,2.40476,-1.4773,-0.133047,-0.965985,0.191225,-0.236576,1.546,0.322882,-0.854589,1.89938,0.0157105,-1.53871,0.96446,-1.2047,-0.0649028,-0.623478,0.583724,0.87242,-1.18308,0.0290338,1.61152,-1.17508,-0.442672,0.681164,-0.356797,-0.559146,1.4892,1.22973,-0.148872,
-0.501037,2.40476,-1.4773,-0.133047,-0.965985,0.191225,-0.236576,1.546,0.322882,-0.854589,1.89938,-1.58846,-1.53871,0.96446,-1.2047,1.39313,-0.623478,0.583724,-0.866415,-1.18308,0.0290338,1.61152,-1.02386,1.50388,0.0865865,-1.41943,-1.25184,-0.893383,-0.0683064,-0.727394,
-0.501037,2.40476,-1.4773,-0.133047,-0.965985,0.191225,-0.236576,1.546,0.322882,-0.854589,1.89938,-0.764095,-1.53871,0.96446,-1.2047,1.7007,-0.623478,0.583724,-1.41012,-1.18308,0.0290338,1.61152,-0.686699,-0.775659,0.863538,-0.960219,-0.641338,-0.142241,-2.19786,1.92449,
-0.501037,2.40476,-1.4773,-0.133047,-0.965985,0.191225,-0.236576,1.546,0.322882,-0.854589,1.89938,-0.877426,-1.53871,0.96446,-1.2047,0.120023,-0.623478,0.583724,0.192424,-1.18308,0.0290338,1.61152,0.228114,-0.925427,-0.46168,1.51045,0.152101,0.193882,-0.996614,-0.0661883,
-0.501037,2.40476,-1.4773,-0.133047,-0.965985,0.191225,-0.236576,1.546,0.322882,-0.854589,1.89938,-2.11672,-1.53871,0.96446,-1.2047,-2.14886,-0.623478,0.583724,-1.11006,-1.18308,0.0290338,1.61152,-1.46935,2.87159,-3.73674,-1.36524,1.06854,-2.05684,-2.14532,0.93292,
-0.501037,2.40476,-1.4773,-0.133047,-0.965985,0.191225,-0.236576,1.546,0.322882,-0.854589,1.89938,-0.77804,-1.53871,0.96446,-1.2047,0.792137,-0.623478,0.583724,-1.35039,-1.18308,0.0290338,1.61152,-2.3279,-0.140727,-0.591616,-0.737234,-2.45061,-0.736027,-0.29974,-0.396137,
-0.501037,2.40476,-1.4773,-0.133047,-0.965985,0.191225,-0.236576,1.546,0.322882,-0.854589,1.89938,-0.0663734,-1.53871,0.96446,-1.2047,1.24192,-0.623478,0.583724,-0.837283,-1.18308,0.0290338,1.61152,-1.87131,2.02252,-1.35096,-1.92706,-0.0495831,2.30258,-2.03159,-1.47513,
-0.501037,2.40476,-1.4773,-0.133047,-0.965985,0.191225,-0.236576,1.546,0.322882,-0.854589,1.89938,-1.86533,-1.53871,0.96446,-1.2047,-2.02663,-0.623478,0.583724,-0.489444,-1.18308,0.0290338,1.61152,-2.57556,-1.42021,-3.57587,0.197625,-1.76388,-0.495127,0.153903,2.9195,
-0.501037,2.40476,-1.4773,-0.133047,-0.965985,0.191225,-0.236576,1.546,0.322882,-0.854589,1.89938,-0.24672,-1.53871,0.96446,-1.2047,0.970263,-0.623478,0.583724,-1.24697,-1.18308,0.0290338,1.61152,-1.9836,-3.24033,0.167353,-2.57783,-1.01353,1.54516,-2.04403,-1.65699,
-0.501037,2.40476,-1.4773,-0.133047,-0.965985,0.191225,-0.236576,1.546,0.322882,-0.854589,1.89938,-0.71445,-1.53871,0.96446,-1.2047,0.146163,-0.623478,0.583724,0.214284,-1.18308,0.0290338,1.61152,-1.29988,0.039895,0.288362,-0.168703,-2.30851,0.740175,-0.0598122,0.709068,
-0.501037,2.40476,-1.4773,-0.133047,-0.965985,0.191225,-0.236576,1.546,0.322882,-0.854589,1.89938,-0.919298,-1.53871,0.96446,-1.2047,-0.857676,-0.623478,0.583724,0.767405,-1.18308,0.0290338,1.61152,-3.45174,1.57245,-1.15226,-0.690393,-0.55191,1.68306,-2.5238,1.10261,
-0.501037,2.40476,-1.4773,-0.133047,-0.965985,0.191225,-0.236576,1.546,0.322882,-0.854589,1.89938,-0.506236,-1.53871,0.96446,-1.2047,1.78477,-0.623478,0.583724,-0.245113,-1.18308,0.0290338,1.61152,-2.23501,0.867613,1.45531,1.58803,2.85052,-1.91508,0.00208948,0.0184165,
-0.501037,2.40476,-1.4773,-0.133047,-0.965985,0.191225,-0.236576,1.546,0.322882,-0.854589,1.89938,-2.2057,-1.53871,0.96446,-1.2047,0.331594,-0.623478,0.583724,-2.19123,-1.18308,0.0290338,1.61152,-2.63729,1.25196,-0.415633,-3.01025,-0.239919,-0.379047,0.737877,-0.0620418,
-0.501037,2.40476,-1.4773,-0.133047,-0.965985,0.191225,-0.236576,1.546,0.322882,-0.854589,1.89938,-1.64058,-1.53871,0.96446,-1.2047,1.66049,-0.623478,0.583724,0.288627,-1.18308,0.0290338,1.61152,-1.19986,-0.843876,-0.676376,0.799877,-0.031198,-2.837,0.176412,0.0866848,
-0.501037,2.40476,-1.4773,-0.133047,-0.965985,0.191225,-0.236576,1.546,0.322882,-0.854589,1.89938,-0.998616,-1.53871,0.96446,-1.2047,1.51253,-0.623478,0.583724,0.593703,-1.18308,0.0290338,1.61152,-1.31312,1.81858,-0.843072,0.570014,-1.25728,-3.10425,1.48927,-1.85676,
-0.501037,2.40476,-1.4773,-0.133047,-0.965985,0.191225,-0.236576,1.546,0.322882,-0.854589,1.89938,-0.980194,-1.53871,0.96446,-1.2047,0.022411,-0.623478,0.583724,-0.040892,-1.18308,0.0290338,1.61152,1.3194,3.62862,-0.663556,-1.00491,0.0221951,-0.910461,0.492928,-1.0154,
-0.501037,2.40476,-1.4773,-0.133047,-0.965985,0.191225,-0.236576,1.546,0.322882,-0.854589,1.89938,0.656792,-1.53871,0.96446,-1.2047,-0.325655,-0.623478,0.583724,-0.622025,-1.18308,0.0290338,1.61152,-0.472806,0.714057,-1.73363,1.4016,-1.48746,-0.299304,0.917586,-0.014554,
-0.501037,2.40476,-1.4773,-0.133047,-0.965985,0.191225,-0.236576,1.546,0.322882,-0.854589,1.89938,-2.08932,-1.53871,0.96446,-1.2047,-0.2084,-0.623478,0.583724,-1.43177,-1.18308,0.0290338,1.61152,-1.49463,1.81858,0.0873082,0.231706,-0.181749,0.232323,-4.11315,-1.71099,
-0.501037,2.40476,-1.4773,-0.133047,-0.965985,0.191225,-0.236576,1.546,0.322882,-0.854589,1.89938,-0.957354,-1.53871,0.96446,-1.2047,0.785189,-0.623478,0.583724,-0.621999,-1.18308,0.0290338,1.61152,-1.52059,1.69585,-1.34843,1.69698,-0.394897,-0.373464,1.19225,-1.56993,
-0.501037,2.40476,-1.4773,-0.133047,-0.965985,0.191225,-0.236576,1.546,0.322882,-0.854589,1.89938,-1.75486,-1.53871,0.96446,-1.2047,-1.39653,-0.623478,0.583724,-0.199675,-1.18308,0.0290338,1.61152,-1.09808,1.62102,-0.634848,0.632803,-0.468733,0.405754,0.707256,-1.71099,
-0.501037,2.40476,-1.4773,-0.133047,-0.965985,0.191225,-0.236576,1.546,0.322882,-0.854589,1.89938,-1.72318,-1.53871,0.96446,-1.2047,-0.64222,-0.623478,0.583724,-0.495144,-1.18308,0.0290338,1.61152,-2.56376,0.703899,-0.992183,1.91907,-0.421424,-1.1581,1.30991,-0.375912,
-0.501037,2.40476,-1.4773,-0.133047,-0.965985,0.191225,-0.236576,1.546,0.322882,-0.854589,1.89938,-1.55426,-1.53871,0.96446,-1.2047,-0.645575,-0.623478,0.583724,-0.316905,-1.18308,0.0290338,1.61152,-1.82593,0.655118,-2.36159,2.78406,1.55049,-3.04132,-1.13373,-0.810649,
-0.501037,2.40476,-1.4773,-0.133047,-0.965985,0.191225,-0.236576,1.546,0.322882,-0.854589,1.89938,-2.08932,-1.53871,0.96446,-1.2047,2.09061,-0.623478,0.583724,0.69296,-1.18308,0.0290338,1.61152,-1.47982,2.68837,2.07573,-1.70302,-0.211179,-0.484157,-2.19,0.446327,
-0.501037,2.40476,-1.4773,-0.133047,-0.965985,0.191225,-0.236576,1.546,0.322882,-0.854589,1.89938,-2.74663,-1.53871,0.96446,-1.2047,3.2378,-0.623478,0.583724,-0.592725,-1.18308,0.0290338,1.61152,-2.49259,2.56829,-0.258712,2.27006,-0.661605,1.42257,-0.560359,0.367067,
-0.501037,2.40476,-1.4773,-0.133047,-0.965985,0.191225,-0.236576,1.546,0.322882,-0.854589,1.89938,-0.441817,-1.53871,0.96446,-1.2047,0.402058,-0.623478,0.583724,0.23076,-1.18308,0.0290338,1.61152,0.25758,0.13378,-1.64201,2.81481,-0.406867,1.41831,-2.40277,0.494037,
-0.501037,2.40476,-1.4773,-0.133047,-0.965985,0.191225,-0.236576,1.546,0.322882,-0.854589,1.89938,-1.26146,-1.53871,0.96446,-1.2047,2.08467,-0.623478,0.583724,-2.15573,-1.18308,0.0290338,1.61152,-0.892506,2.09544,-1.964,0.52173,-0.344599,-0.0639627,-2.95622,1.37038,
-0.501037,2.40476,-1.4773,-0.133047,-0.965985,0.191225,-0.236576,1.546,0.322882,-0.854589,1.89938,-0.153238,-1.53871,0.96446,-1.2047,2.17665,-0.623478,0.583724,-1.28988,-1.18308,0.0290338,1.61152,-2.86391,0.609882,-3.22402,0.885375,-0.732992,-1.0511,0.987414,-1.13399,
-0.501037,2.40476,-1.4773,-0.133047,-0.965985,0.191225,-0.236576,1.546,0.322882,-0.854589,1.89938,-1.6917,-1.53871,0.96446,-1.2047,-0.939014,-0.623478,0.583724,0.279549,-1.18308,0.0290338,1.61152,-0.0177488,1.85141,-2.51982,-2.39391,-0.307071,1.6422,-0.169343,-0.942907,
-0.501037,2.40476,-1.4773,-0.133047,-0.965985,0.191225,-0.236576,1.546,0.322882,-0.854589,1.89938,-1.33707,-1.53871,0.96446,-1.2047,-0.145851,-0.623478,0.583724,0.758875,-1.18308,0.0290338,1.61152,0.071055,0.418859,-0.656254,0.399627,-0.414101,1.92423,-0.947065,1.48111,
-0.501037,2.40476,-1.4773,-0.133047,-0.965985,0.191225,-0.236576,1.546,0.322882,-0.854589,1.89938,-2.27245,-1.53871,0.96446,-1.2047,0.810625,-0.623478,0.583724,0.46057,-1.18308,0.0290338,1.61152,-1.80393,0.745628,-2.75378,1.30097,-0.0253232,0.20269,1.5026,1.81994,
-0.501037,2.40476,-1.4773,-0.133047,-0.965985,0.191225,-0.236576,1.546,0.322882,-0.854589,1.89938,0.00130385,-1.53871,0.96446,-1.2047,1.93001,-0.623478,0.583724,-0.850843,-1.18308,0.0290338,1.61152,-1.22714,0.0120604,0.316259,2.78406,0.323665,-2.63823,-0.7608,0.409844,
-0.501037,2.40476,-1.4773,-0.133047,-0.965985,0.191225,-0.236576,1.546,0.322882,-0.854589,1.89938,0.314059,-1.53871,0.96446,-1.2047,-0.108739,-0.623478,0.583724,-0.623455,-1.18308,0.0290338,1.61152,-0.858948,-3.24033,0.128419,-0.804467,1.00846,-0.299304,-3.08756,1.44799,
-0.501037,2.40476,-1.4773,-0.133047,-0.965985,0.191225,-0.236576,1.546,0.322882,-0.854589,1.89938,-1.78325,-1.53871,0.96446,-1.2047,1.64249,-0.623478,0.583724,-1.69801,-1.18308,0.0290338,1.61152,-1.23687,-1.22417,-1.71893,0.71585,-3.52168,0.96558,2.31141,0.541745,
-0.501037,2.40476,-1.4773,-0.133047,-0.965985,0.191225,-0.236576,1.546,0.322882,-0.854589,1.89938,-0.500234,-1.53871,0.96446,-1.2047,1.90455,-0.623478,0.583724,-0.674169,-1.18308,0.0290338,1.61152,-0.827936,2.7525,-0.117169,0.494112,0.67562,2.11778,-0.535806,0.201862,
-0.501037,2.40476,-1.4773,-0.133047,-0.965985,0.191225,-0.236576,1.546,0.322882,-0.854589,1.89938,-1.2728,-1.53871,0.96446,-1.2047,1.47529,-0.623478,0.583724,0.880143,-1.18308,0.0290338,1.61152,-2.25791,-1.39895,1.65789,0.568594,-2.39337,-0.0558352,0.939657,0.0195863,
-0.501037,2.40476,-1.4773,-0.133047,-0.965985,0.191225,-0.236576,1.546,0.322882,-0.854589,1.89938,-1.09739,-1.53871,0.96446,-1.2047,0.0269147,-0.623478,0.583724,0.696289,-1.18308,0.0290338,1.61152,-0.954092,0.589933,0.480911,-0.0265877,0.285234,0.569816,-0.18079,-0.0678757,
-0.501037,2.40476,-1.4773,-0.133047,-0.965985,0.191225,-0.236576,1.546,0.322882,-0.854589,1.89938,-1.74491,-1.53871,0.96446,-1.2047,1.51255,-0.623478,0.583724,0.467168,-1.18308,0.0290338,1.61152,-1.74088,0.911242,-0.840961,-0.20928,-2.54917,1.32531,0.638104,0.128844,
-0.501037,2.40476,-1.4773,-0.133047,-0.965985,0.191225,-0.236576,1.546,0.322882,-0.854589,1.89938,-0.168331,-1.53871,0.96446,-1.2047,-1.39653,-0.623478,0.583724,-0.792638,-1.18308,0.0290338,1.61152,-1.4597,1.21639,-1.77098,0.0923687,2.40351,0.841863,-1.48603,1.95762,
-0.501037,2.40476,-1.4773,-0.133047,-0.965985,0.191225,-0.236576,1.546,0.322882,-0.854589,1.89938,-0.472012,-1.53871,0.96446,-1.2047,4.03239,-0.623478,0.583724,0.141502,-1.18308,0.0290338,1.61152,-1.7516,1.86759,-1.26903,-2.23855,-0.385144,1.77364,-2.01059,-1.41043,
-0.501037,2.40476,-1.4773,-0.133047,-0.965985,0.191225,-0.236576,1.546,0.322882,-0.854589,1.89938,-0.231324,-1.53871,0.96446,-1.2047,0.192454,-0.623478,0.583724,0.0855478,-1.18308,0.0290338,1.61152,-1.1581,0.358147,-1.37819,1.27109,-1.21936,2.91106,-1.09652,-0.0802601,
-0.501037,2.40476,-1.4773,-0.133047,-0.965985,0.191225,-0.236576,1.546,0.322882,-0.854589,1.89938,-1.46604,-1.53871,0.96446,-1.2047,1.34106,-0.623478,0.583724,-1.807,-1.18308,0.0290338,1.61152,-2.29468,1.09591,0.160547,0.826898,-1.32637,-0.583336,2.31141,0.273593,
-0.501037,2.40476,-1.4773,-0.133047,-0.965985,0.191225,-0.236576,1.546,0.322882,-0.854589,1.89938,-2.17299,-1.53871,0.96446,-1.2047,1.24751,-0.623478,0.583724,1.10863,-1.18308,0.0290338,1.61152,-0.900918,1.74885,-0.431148,3.69751,-3.03125,-2.30528,1.4559,1.23135,
-0.501037,2.40476,-1.4773,-0.133047,-0.965985,0.191225,-0.236576,1.546,0.322882,-0.854589,1.89938,-1.68507,-1.53871,0.96446,-1.2047,2.19939,-0.623478,0.583724,1.82448,-1.18308,0.0290338,1.61152,-3.16362,0.936715,-0.906684,1.70758,0.684747,-0.161263,0.984117,-1.42746,
-0.501037,2.40476,-1.4773,-0.133047,-0.965985,0.191225,-0.236576,1.546,0.322882,-0.854589,1.89938,-2.19955,-1.53871,0.96446,-1.2047,0.239582,-0.623478,0.583724,-1.45996,-1.18308,0.0290338,1.61152,0.554176,-0.750838,-0.966909,1.62623,-1.60608,-1.22562,1.83084,1.62145,
-0.501037,2.40476,-1.4773,-0.133047,-0.965985,0.191225,-0.236576,1.546,0.322882,-0.854589,1.89938,-0.90798,-1.53871,0.96446,-1.2047,1.59651,-0.623478,0.583724,-1.27383,-1.18308,0.0290338,1.61152,-0.889338,-0.36815,-1.2796,2.81481,0.485692,4.09152,-0.616925,-2.50272,
-0.501037,2.40476,-1.4773,-0.133047,-0.965985,0.191225,-0.236576,1.546,0.322882,-0.854589,1.89938,-0.774485,-1.53871,0.96446,-1.2047,1.62413,-0.623478,0.583724,-1.68515,-1.18308,0.0290338,1.61152,-1.60312,1.29883,0.645637,2.65449,0.709498,0.230852,-1.91727,0.818802,
-0.501037,2.40476,-1.4773,-0.133047,-0.965985,0.191225,-0.236576,1.546,0.322882,-0.854589,1.89938,-1.42848,-1.53871,0.96446,-1.2047,0.185024,-0.623478,0.583724,0.426741,-1.18308,0.0290338,1.61152,-0.909632,-0.951984,1.55165,0.92003,-1.56806,-0.899968,1.67897,-0.274606,
-0.501037,2.40476,-1.4773,-0.133047,-0.965985,0.191225,-0.236576,1.546,0.322882,-0.854589,1.89938,-1.54802,-1.53871,0.96446,-1.2047,0.392548,-0.623478,0.583724,-1.83577,-1.18308,0.0290338,1.61152,-0.335684,1.28276,-0.442672,0.453409,-2.09994,0.099337,-0.492991,0.370357,
-0.501037,2.40476,-1.4773,-0.133047,-0.965985,0.191225,-0.236576,1.546,0.322882,-0.854589,1.89938,-2.22001,-1.53871,0.96446,-1.2047,-0.318789,-0.623478,0.583724,0.141652,-1.18308,0.0290338,1.61152,-0.901623,2.66357,-1.75181,0.578394,-0.723608,0.196784,-0.0967224,-1.33621,
-0.501037,2.40476,-1.4773,-0.133047,-0.965985,0.191225,-0.236576,1.546,0.322882,-0.854589,1.89938,-0.409785,-1.53871,0.96446,-1.2047,1.21088,-0.623478,0.583724,0.218978,-1.18308,0.0290338,1.61152,-2.22103,2.13262,-0.684937,0.607588,-2.69124,1.50063,-1.18136,-0.63643,
-0.501037,2.40476,-1.4773,-0.133047,-0.965985,0.191225,-0.236576,1.546,0.322882,-0.854589,1.89938,-2.04848,-1.53871,0.96446,-1.2047,0.749947,-0.623478,0.583724,0.0734089,-1.18308,0.0290338,1.61152,0.0181749,1.75453,-0.0920504,-0.459293,-1.76388,0.381761,-0.183084,-0.284362,
-0.501037,2.40476,-1.4773,-0.133047,-0.965985,0.191225,-0.236576,1.546,0.322882,-0.854589,1.89938,-1.87076,-1.53871,0.96446,-1.2047,0.857422,-0.623478,0.583724,-1.19836,-1.18308,0.0290338,1.61152,-1.60997,1.91481,-0.943899,2.84402,0.376254,-3.40609,0.747066,0.658595,
-0.501037,2.40476,-1.4773,-0.133047,-0.965985,0.191225,-0.236576,1.546,0.322882,-0.854589,1.89938,-0.616076,-1.53871,0.96446,-1.2047,0.498568,-0.623478,0.583724,-1.75662,-1.18308,0.0290338,1.61152,-2.47578,-1.3154,-0.574416,1.28994,0.417146,0.209043,0.41388,-0.738279,
-0.501037,2.40476,-1.4773,-0.133047,-0.965985,0.191225,-0.236576,1.546,0.322882,-0.854589,1.89938,-0.897441,-1.53871,0.96446,-1.2047,0.791622,-0.623478,0.583724,-1.8041,-1.18308,0.0290338,1.61152,-1.23813,-0.380621,1.53659,-0.0599199,-0.636547,-0.264813,-0.616925,-0.732516,
-0.501037,2.40476,-1.4773,-0.133047,-0.965985,0.191225,-0.236576,1.546,0.322882,-0.854589,1.89938,-1.1857,-1.53871,0.96446,-1.2047,0.361446,-0.623478,0.583724,-0.580818,-1.18308,0.0290338,1.61152,-1.01139,0.381037,-2.80416,-1.17736,-0.28183,0.561733,0.158184,-1.87643,
-0.501037,2.40476,-1.4773,-0.133047,-0.965985,0.191225,-0.236576,1.546,0.322882,-0.854589,1.89938,-2.5271,-1.53871,0.96446,-1.2047,1.34357,-0.623478,0.583724,-0.635917,-1.18308,0.0290338,1.61152,-1.0207,0.47625,-0.380801,2.21823,-1.75107,-0.854104,-0.273569,-0.470419,
-0.501037,2.40476,-1.4773,-0.133047,-0.965985,0.191225,-0.236576,1.546,0.322882,-0.854589,1.89938,-1.16491,-1.53871,0.96446,-1.2047,0.933056,-0.623478,0.583724,-1.46212,-1.18308,0.0290338,1.61152,-0.491568,0.663431,-0.0116709,-0.346925,-2.16423,0.451506,-1.37908,0.466345,
-0.501037,2.40476,-1.4773,-0.133047,-0.965985,0.191225,-0.236576,1.546,0.322882,-0.854589,1.89938,-3.12673,-1.53871,0.96446,-1.2047,1.09192,-0.623478,0.583724,0.853788,-1.18308,0.0290338,1.61152,-2.4218,0.817884,-1.95277,0.786245,2.56075,-0.443916,-1.19963,-0.332673,
-0.501037,2.40476,-1.4773,-0.133047,-0.965985,0.191225,-0.236576,1.546,0.322882,-0.854589,1.89938,-0.629923,-1.53871,0.96446,-1.2047,0.236843,-0.623478,0.583724,-0.188676,-1.18308,0.0290338,1.61152,-1.7855,-0.942594,-0.63965,0.889229,-2.00192,-0.77037,0.97995,-1.95937,
-0.501037,2.40476,-1.4773,-0.133047,-0.965985,0.191225,-0.236576,1.546,0.322882,-0.854589,1.89938,-3.02625,-1.53871,0.96446,-1.2047,0.890978,-0.623478,0.583724,0.468311,-1.18308,0.0290338,1.61152,-0.0941997,0.700372,1.24551,-0.705624,-1.38984,0.752357,0.140006,1.16524,
-0.501037,2.40476,-1.4773,-0.133047,-0.965985,0.191225,-0.236576,1.546,0.322882,-0.854589,1.89938,-1.1674,-1.53871,0.96446,-1.2047,-0.169733,-0.623478,0.583724,0.732818,-1.18308,0.0290338,1.61152,-1.18261,0.134596,-0.824011,-0.30685,-1.2737,0.95715,1.12438,-2.17422,
-0.501037,2.40476,-1.4773,-0.133047,-0.965985,0.191225,-0.236576,1.546,0.322882,-0.854589,1.89938,-0.0727289,-1.53871,0.96446,-1.2047,1.92591,-0.623478,0.583724,0.214284,-1.18308,0.0290338,1.61152,-1.37395,0.166852,0.410794,-3.26136,1.13868,0.176403,1.30885,-2.53307,
-0.501037,2.40476,-1.4773,-0.133047,-0.965985,0.191225,-0.236576,1.546,0.322882,-0.854589,1.89938,-0.723105,-1.53871,0.96446,-1.2047,-1.90357,-0.623478,0.583724,-1.31472,-1.18308,0.0290338,1.61152,-0.48586,4.45615,-0.921619,1.1759,-0.341175,-0.765436,-3.18081,0.738768,
-0.501037,2.40476,-1.4773,-0.133047,-0.965985,0.191225,-0.236576,1.546,0.322882,-0.854589,1.89938,-2.63502,-1.53871,0.96446,-1.2047,0.0922007,-0.623478,0.583724,-0.0259302,-1.18308,0.0290338,1.61152,-0.0285205,2.33333,0.214836,-2.01206,-1.61248,1.87357,-0.540025,-1.11675,
-0.501037,2.40476,-1.4773,-0.133047,-0.965985,0.191225,-0.236576,1.546,0.322882,-0.854589,1.89938,-0.913915,-1.53871,0.96446,-1.2047,0.985418,-0.623478,0.583724,-0.317051,-1.18308,0.0290338,1.61152,-1.7516,-1.01446,-1.50394,0.350812,0.682736,1.94027,-0.656507,-1.39804,
-0.501037,2.40476,-1.4773,-0.133047,-0.965985,0.191225,-0.236576,1.546,0.322882,-0.854589,1.89938,0.446196,-1.53871,0.96446,-1.2047,-0.349565,-0.623478,0.583724,-0.840705,-1.18308,0.0290338,1.61152,-0.219581,1.14906,1.30165,-2.63709,0.529822,1.05201,-1.12933,-0.843561,
-0.501037,2.40476,-1.4773,-0.133047,-0.965985,0.191225,-0.236576,1.546,0.322882,-0.854589,1.89938,0.503709,-1.53871,0.96446,-1.2047,-0.423992,-0.623478,0.583724,-0.507153,-1.18308,0.0290338,1.61152,-1.9836,1.86784,-0.96723,2.27006,0.247792,1.25701,0.867526,-1.62133,
-0.501037,2.40476,-1.4773,-0.133047,-0.965985,0.191225,-0.236576,1.546,0.322882,-0.854589,1.89938,-2.12833,-1.53871,0.96446,-1.2047,1.2917,-0.623478,0.583724,-0.483752,-1.18308,0.0290338,1.61152,-1.64985,1.33573,-1.62194,1.34016,-1.08172,2.36388,1.2459,-1.39681,
-0.501037,2.40476,-1.4773,-0.133047,-0.965985,0.191225,-0.236576,1.546,0.322882,-0.854589,1.89938,-1.39432,-1.53871,0.96446,-1.2047,0.961979,-0.623478,0.583724,-1.25197,-1.18308,0.0290338,1.61152,-1.08134,0.8346,-0.573032,1.66202,0.711225,1.14978,-0.445188,-1.65361,
-0.501037,2.40476,-1.4773,-0.133047,-0.965985,0.191225,-0.236576,1.546,0.322882,-0.854589,1.89938,-2.39658,-1.53871,0.96446,-1.2047,-0.325655,-0.623478,0.583724,-1.80672,-1.18308,0.0290338,1.61152,-2.00325,1.04065,-1.66011,0.248356,0.949905,-1.29108,-0.468069,0.0352272,
-0.501037,2.40476,-1.4773,-0.133047,-0.965985,0.191225,-0.236576,1.546,0.322882,-0.854589,1.89938,-2.25487,-1.53871,0.96446,-1.2047,-0.718185,-0.623478,0.583724,-0.135984,-1.18308,0.0290338,1.61152,-3.60975,2.3788,-2.30688,1.17587,1.5807,-1.33561,3.04273,-1.13792,
-0.501037,2.40476,-1.4773,-0.133047,-0.965985,0.191225,-0.236576,1.546,0.322882,-0.854589,1.89938,-1.0346,-1.53871,0.96446,-1.2047,-0.692462,-0.623478,0.583724,1.19326,-1.18308,0.0290338,1.61152,-1.1427,1.23016,-0.286498,1.0175,1.08734,-1.56472,-0.273569,-1.77338,
-0.501037,2.40476,-1.4773,-0.133047,-0.965985,0.191225,-0.236576,1.546,0.322882,-0.854589,1.89938,-2.10301,-1.53871,0.96446,-1.2047,0.0269147,-0.623478,0.583724,-1.13414,-1.18308,0.0290338,1.61152,-0.335684,0.214687,-0.830872,-0.983574,-1.49557,0.841863,0.164689,1.00726,
-0.501037,2.40476,-1.4773,-0.133047,-0.965985,0.191225,-0.236576,1.546,0.322882,-0.854589,1.89938,1.22102,-1.53871,0.96446,-1.2047,1.00842,-0.623478,0.583724,1.61709,-1.18308,0.0290338,1.61152,0.914879,-0.62748,-0.27613,-0.858978,-0.126207,-0.389012,-1.99145,3.37263,
-0.501037,2.40476,-1.4773,-0.133047,-0.965985,0.191225,-0.236576,1.546,0.322882,-0.854589,1.89938,-0.246798,-1.53871,0.96446,-1.2047,0.785743,-0.623478,0.583724,-1.07827,-1.18308,0.0290338,1.61152,-1.35195,-0.0500599,-0.216877,2.07345,-0.563898,-1.41346,1.7826,-1.11482,
-0.501037,2.40476,-1.4773,-0.133047,-0.965985,0.191225,-0.236576,1.546,0.322882,-0.854589,1.89938,-2.54536,-1.53871,0.96446,-1.2047,0.898926,-0.623478,0.583724,-0.0503582,-1.18308,0.0290338,1.61152,-0.0940833,0.777006,0.606123,0.667825,0.178889,1.20307,1.54831,1.84679,
-0.501037,2.40476,-1.4773,-0.133047,-0.965985,0.191225,-0.236576,1.546,0.322882,-0.854589,1.89938,-1.58846,-1.53871,0.96446,-1.2047,2.48753,-0.623478,0.583724,-0.245709,-1.18308,0.0290338,1.61152,-2.94402,4.57206,-2.05739,-0.362248,-0.0130293,-1.22562,0.167422,-0.238257,
-0.501037,2.40476,-1.4773,-0.133047,-0.965985,0.191225,-0.236576,1.546,0.322882,-0.854589,1.89938,0.0157451,-1.53871,0.96446,-1.2047,0.836886,-0.623478,0.583724,-0.533198,-1.18308,0.0290338,1.61152,-1.74869,-0.667244,-0.743782,1.66932,-0.239919,2.14774,0.338264,0.365117,
-0.501037,2.40476,-1.4773,-0.133047,-0.965985,0.191225,-0.236576,1.546,0.322882,-0.854589,1.89938,-1.4798,-1.53871,0.96446,-1.2047,-1.90357,-0.623478,0.583724,0.63394,-1.18308,0.0290338,1.61152,-0.495477,0.433495,0.904982,-1.1898,-1.64787,-2.69994,0.890071,0.596337,
-0.501037,2.40476,-1.4773,-0.133047,-0.965985,0.191225,-0.236576,1.546,0.322882,-0.854589,1.89938,-2.21424,-1.53871,0.96446,-1.2047,1.74648,-0.623478,0.583724,-1.26146,-1.18308,0.0290338,1.61152,-1.82593,2.4473,-3.07837,-2.18527,1.90255,0.889139,0.492928,1.53753,
-0.501037,2.40476,-1.4773,-0.133047,-0.965985,0.191225,-0.236576,1.546,0.322882,-0.854589,1.89938,-1.36364,-1.53871,0.96446,-1.2047,1.71148,-0.623478,0.583724,-1.50971,-1.18308,0.0290338,1.61152,-1.2135,0.267523,1.32613,1.72928,-0.534347,-0.0560331,0.246018,-0.527748,
-0.501037,2.40476,-1.4773,-0.133047,-0.965985,0.191225,-0.236576,1.546,0.322882,-0.854589,1.89938,-0.486963,-1.53871,0.96446,-1.2047,0.614474,-0.623478,0.583724,-0.617657,-1.18308,0.0290338,1.61152,-2.0044,0.748467,-2.09399,-0.956401,-1.05268,0.213259,0.594176,-1.12757,
-0.501037,2.40476,-1.4773,-0.133047,-0.965985,0.191225,-0.236576,1.546,0.322882,-0.854589,1.89938,-1.21996,-1.53871,0.96446,-1.2047,-0.812957,-0.623478,0.583724,0.70485,-1.18308,0.0290338,1.61152,-1.14228,1.46924,-1.11831,0.891319,-2.54917,-0.483851,-0.728217,1.99039,
-0.501037,2.40476,-1.4773,-0.133047,-0.965985,0.191225,-0.236576,1.546,0.322882,-0.854589,1.89938,-2.5566,-1.53871,0.96446,-1.2047,-0.950309,-0.623478,0.583724,0.412615,-1.18308,0.0290338,1.61152,-1.25802,1.69207,-0.610251,0.197625,-0.109482,0.481395,-1.10952,2.07097,
-0.501037,2.40476,-1.4773,-0.133047,-0.965985,0.191225,-0.236576,1.546,0.322882,-0.854589,1.89938,0.839322,-1.53871,0.96446,-1.2047,1.90455,-0.623478,0.583724,-0.453902,-1.18308,0.0290338,1.61152,-3.57928,2.7455,-0.376015,1.01784,-1.38433,1.36979,1.98755,-0.183108,
-0.501037,2.40476,-1.4773,-0.133047,-0.965985,0.191225,-0.236576,1.546,0.322882,-0.854589,1.89938,0.390645,-1.53871,0.96446,-1.2047,0.419553,-0.623478,0.583724,-1.87424,-1.18308,0.0290338,1.61152,-1.20958,1.98338,-0.431148,1.93477,-2.16423,1.22224,0.514039,0.502389,
-0.501037,2.40476,-1.4773,-0.133047,-0.965985,0.191225,-0.236576,1.546,0.322882,-0.854589,1.89938,-0.657681,-1.53871,0.96446,-1.2047,2.64499,-0.623478,0.583724,-0.395099,-1.18308,0.0290338,1.61152,-1.01877,3.09791,-0.932237,-0.51643,-0.468733,2.59343,-0.205469,1.67823,
-0.501037,2.40476,-1.4773,-0.133047,-0.965985,0.191225,-0.236576,1.546,0.322882,-0.854589,1.89938,-1.48174,-1.53871,0.96446,-1.2047,0.153303,-0.623478,0.583724,0.732562,-1.18308,0.0290338,1.61152,-2.02561,3.24837,-3.54294,2.21823,-0.339961,-1.55048,-0.947065,-1.32927,
-0.501037,2.40476,-1.4773,-0.133047,-0.965985,0.191225,-0.236576,1.546,0.322882,-0.854589,1.89938,-1.4167,-1.53871,0.96446,-1.2047,0.362934,-0.623478,0.583724,-0.804175,-1.18308,0.0290338,1.61152,-2.64293,0.782126,0.697447,2.95199,0.169625,-0.711766,-0.0275798,-0.539212,
-0.501037,2.40476,-1.4773,-0.133047,-0.965985,0.191225,-0.236576,1.546,0.322882,-0.854589,1.89938,-2.11284,-1.53871,0.96446,-1.2047,-1.8964,-0.623478,0.583724,-0.668562,-1.18308,0.0290338,1.61152,-1.97491,2.1641,-2.8181,0.674957,1.95964,-3.3362,0.222637,-2.55707,
-0.501037,2.40476,-1.4773,-0.133047,-0.965985,0.191225,-0.236576,1.546,0.322882,-0.854589,1.89938,-2.90705,-1.53871,0.96446,-1.2047,1.93961,-0.623478,0.583724,1.45912,-1.18308,0.0290338,1.61152,-0.505303,1.90532,0.0788898,-0.130121,1.43153,-3.45104,-2.98654,-0.466118,
-0.501037,2.40476,-1.4773,-0.133047,-0.965985,0.191225,-0.236576,1.546,0.322882,-0.854589,1.89938,-2.53065,-1.53871,0.96446,-1.2047,-1.24182,-0.623478,0.583724,0.065284,-1.18308,0.0290338,1.61152,-0.592887,3.86115,-1.20456,-0.116118,-1.87426,-1.10748,4.28131,-1.28953,
-0.501037,2.40476,-1.4773,-0.133047,-0.965985,0.191225,-0.236576,1.546,0.322882,-0.854589,1.89938,0.903644,-1.53871,0.96446,-1.2047,1.04182,-0.623478,0.583724,0.485508,-1.18308,0.0290338,1.61152,-0.0295655,1.17625,2.21,-0.198124,0.341219,0.378172,-0.435425,1.79067,
-0.501037,2.40476,-1.4773,-0.133047,-0.965985,0.191225,-0.236576,1.546,0.322882,-0.854589,1.89938,-0.604815,-1.53871,0.96446,-1.2047,1.11245,-0.623478,0.583724,-0.905862,-1.18308,0.0290338,1.61152,-2.38821,1.95188,0.30598,-0.0174295,-0.851231,0.010745,-0.472653,0.431244,
-0.501037,2.40476,-1.4773,-0.133047,-0.965985,0.191225,-0.236576,1.546,0.322882,-0.854589,1.89938,-1.02602,-1.53871,0.96446,-1.2047,-1.14965,-0.623478,0.583724,-0.866415,-1.18308,0.0290338,1.61152,-2.06217,0.803335,0.322498,2.83696,1.44562,1.28582,-0.541344,1.41391,
-0.501037,2.40476,-1.4773,-0.133047,-0.965985,0.191225,-0.236576,1.546,0.322882,-0.854589,1.89938,0.853422,-1.53871,0.96446,-1.2047,0.388289,-0.623478,0.583724,-0.212415,-1.18308,0.0290338,1.61152,-1.47281,3.36258,-4.21245,-0.651024,-1.02093,1.60293,0.588457,-0.556542,
-0.501037,2.40476,-1.4773,-0.133047,-0.965985,0.191225,-0.236576,1.546,0.322882,-0.854589,1.89938,-2.45617,-1.53871,0.96446,-1.2047,0.742496,-0.623478,0.583724,1.71516,-1.18308,0.0290338,1.61152,-0.634026,0.452504,-1.4656,0.741237,2.05584,3.01813,2.19951,-1.31676,
-0.501037,2.40476,-1.4773,-0.133047,-0.965985,0.191225,-0.236576,1.546,0.322882,-0.854589,1.89938,-0.669078,-1.53871,0.96446,-1.2047,0.305396,-0.623478,0.583724,-2.21955,-1.18308,0.0290338,1.61152,-0.767443,-1.00399,0.209366,-2.23424,-2.20859,-2.48679,1.69852,1.54525,
-0.501037,2.40476,-1.4773,-0.133047,-0.965985,0.191225,-0.236576,1.546,0.322882,-0.854589,1.89938,0.314059,-1.53871,0.96446,-1.2047,0.402058,-0.623478,0.583724,-1.35039,-1.18308,0.0290338,1.61152,-0.942343,0.444353,-1.70567,1.17587,-0.126207,0.942462,-0.386929,2.26389,
-0.501037,2.40476,-1.4773,-0.133047,-0.965985,0.191225,-0.236576,1.546,0.322882,-0.854589,1.89938,-0.383907,-1.53871,0.96446,-1.2047,-0.658405,-0.623478,0.583724,-1.46096,-1.18308,0.0290338,1.61152,-2.06199,2.2239,-0.00302468,-1.75771,0.684747,1.36996,2.00221,0.319926,
-0.501037,2.40476,-1.4773,-0.133047,-0.965985,0.191225,-0.236576,1.546,0.322882,-0.854589,1.89938,-2.69744,-1.53871,0.96446,-1.2047,1.89707,-0.623478,0.583724,0.492875,-1.18308,0.0290338,1.61152,-3.57928,0.444195,-0.208046,2.41652,0.515874,0.263615,2.36377,0.754275,
-0.501037,2.40476,-1.4773,-0.133047,-0.965985,0.191225,-0.236576,1.546,0.322882,-0.854589,1.89938,-0.0528168,-1.53871,0.96446,-1.2047,1.96991,-0.623478,0.583724,0.00232672,-1.18308,0.0290338,1.61152,-0.889338,0.506688,0.273627,2.47681,-3.36696,-1.54821,-1.70275,-1.39804,
-0.501037,2.40476,-1.4773,-0.133047,-0.965985,0.191225,-0.236576,1.546,0.322882,-0.854589,1.89938,-2.93337,-1.53871,0.96446,-1.2047,0.170831,-0.623478,0.583724,-0.927712,-1.18308,0.0290338,1.61152,0.134212,1.43094,0.0903154,-0.868713,0.417146,0.208691,-2.41934,0.917093,
-0.501037,2.40476,-1.4773,-0.133047,-0.965985,0.191225,-0.236576,1.546,0.322882,-0.854589,1.89938,-0.330514,-1.53871,0.96446,-1.2047,1.39313,-0.623478,0.583724,1.0441,-1.18308,0.0290338,1.61152,-1.60182,0.47957,-2.9546,1.5224,-2.69482,2.32662,-1.98858,1.03867,
-0.501037,2.40476,-1.4773,-0.133047,-0.965985,0.191225,-0.236576,1.546,0.322882,-0.854589,1.89938,-2.68394,-1.53871,0.96446,-1.2047,-0.134467,-0.623478,0.583724,-1.40208,-1.18308,0.0290338,1.61152,-2.00325,0.0551893,1.93996,3.03225,-1.8682,1.07492,-0.0641217,-1.57762,
-0.501037,2.40476,-1.4773,-0.133047,-0.965985,0.191225,-0.236576,1.546,0.322882,-0.854589,1.89938,-1.40761,-1.53871,0.96446,-1.2047,0.982248,-0.623478,0.583724,-1.91092,-1.18308,0.0290338,1.61152,-0.892506,0.444353,-1.02927,1.24051,0.748517,0.558599,-2.41578,-3.13776,
-0.501037,2.40476,-1.4773,-0.133047,-0.965985,0.191225,-0.236576,1.546,0.322882,-0.854589,1.89938,-1.43809,-1.53871,0.96446,-1.2047,0.879212,-0.623478,0.583724,-0.640052,-1.18308,0.0290338,1.61152,-3.21174,-1.07772,-1.22534,2.52251,-2.19134,0.785583,-0.0813593,-1.72905,
-0.501037,2.40476,-1.4773,-0.133047,-0.965985,0.191225,-0.236576,1.546,0.322882,-0.854589,1.89938,-1.00526,-1.53871,0.96446,-1.2047,2.36495,-0.623478,0.583724,-2.18028,-1.18308,0.0290338,1.61152,-1.22123,0.320736,-0.352191,-1.50838,1.22855,0.170134,-1.1292,-0.642001,
-0.501037,2.40476,-1.4773,-0.133047,-0.965985,0.191225,-0.236576,1.546,0.322882,-0.854589,1.89938,-2.47267,-1.53871,0.96446,-1.2047,1.95676,-0.623478,0.583724,-0.662363,-1.18308,0.0290338,1.61152,-0.486402,-0.348535,-2.92345,-0.441346,1.29192,1.81509,-2.03159,-1.99375,
-0.501037,2.40476,-1.4773,-0.133047,-0.965985,0.191225,-0.236576,1.546,0.322882,-0.854589,1.89938,-1.10257,-1.53871,0.96446,-1.2047,0.0616992,-0.623478,0.583724,-1.27383,-1.18308,0.0290338,1.61152,-1.47281,0.776154,0.832702,-0.054352,2.24508,0.580949,0.167422,0.661674,
-0.501037,2.40476,-1.4773,-0.133047,-0.965985,0.191225,-0.236576,1.546,0.322882,-0.854589,1.89938,-3.55562,-1.53871,0.96446,-1.2047,2.66629,-0.623478,0.583724,0.509838,-1.18308,0.0290338,1.61152,-0.514516,-1.11679,-2.46189,-0.265823,3.07737,0.0474774,-0.316331,-1.80375,
-0.501037,2.40476,-1.4773,-0.133047,-0.965985,0.191225,-0.236576,1.546,0.322882,-0.854589,1.89938,0.412819,-1.53871,0.96446,-1.2047,0.883751,-0.623478,0.583724,-2.57259,-1.18308,0.0290338,1.61152,-1.01085,-1.40176,1.65789,-0.30203,0.476397,-2.70885,1.20399,1.48065,
-0.501037,2.40476,-1.4773,-0.133047,-0.965985,0.191225,-0.236576,1.546,0.322882,-0.854589,1.89938,0.19749,-1.53871,0.96446,-1.2047,1.04182,-0.623478,0.583724,-3.04246,-1.18308,0.0290338,1.61152,-2.70015,-0.210812,-0.496263,1.22466,0.58672,-1.0632,-1.87726,1.92799,
-0.501037,2.40476,-1.4773,-0.133047,-0.965985,0.191225,-0.236576,1.546,0.322882,-0.854589,1.89938,-0.739441,-1.53871,0.96446,-1.2047,0.579905,-0.623478,0.583724,0.53496,-1.18308,0.0290338,1.61152,-2.42178,1.74885,-0.690198,-0.47862,-0.316895,0.135082,2.50521,-0.672115,
-0.501037,2.40476,-1.4773,-0.133047,-0.965985,0.191225,-0.236576,1.546,0.322882,-0.854589,1.89938,0.101531,-1.53871,0.96446,-1.2047,-0.479752,-0.623478,0.583724,0.443871,-1.18308,0.0290338,1.61152,-1.67475,-1.01253,-0.139263,0.0715852,-1.08054,-1.99565,-0.22235,-0.21028,
-0.501037,2.40476,-1.4773,-0.133047,-0.965985,0.191225,-0.236576,1.546,0.322882,-0.854589,1.89938,-0.491438,-1.53871,0.96446,-1.2047,-0.234349,-0.623478,0.583724,-1.69228,-1.18308,0.0290338,1.61152,-0.175091,0.125986,-0.0488478,-0.433915,2.30987,0.135082,0.105982,1.73846,
-0.501037,2.40476,-1.4773,-0.133047,-0.965985,0.191225,-0.236576,1.546,0.322882,-0.854589,1.89938,0.145714,-1.53871,0.96446,-1.2047,1.20416,-0.623478,0.583724,-0.829662,-1.18308,0.0290338,1.61152,0.135072,1.58209,-3.41538,2.64019,-2.26168,0.560059,-0.139998,-1.02989,
-0.501037,2.40476,-1.4773,-0.133047,-0.965985,0.191225,-0.236576,1.546,0.322882,-0.854589,1.89938,-0.484667,-1.53871,0.96446,-1.2047,1.21942,-0.623478,0.583724,-1.06419,-1.18308,0.0290338,1.61152,-2.06674,-0.204527,-1.05204,1.85375,1.37808,2.55833,2.14795,0.917093,
-0.501037,2.40476,-1.4773,-0.133047,-0.965985,0.191225,-0.236576,1.546,0.322882,-0.854589,1.89938,-2.63106,-1.53871,0.96446,-1.2047,0.904907,-0.623478,0.583724,-0.676206,-1.18308,0.0290338,1.61152,-0.935901,-1.60867,-2.07107,0.194141,1.14192,0.0159885,0.989925,1.20456,
-0.501037,2.40476,-1.4773,-0.133047,-0.965985,0.191225,-0.236576,1.546,0.322882,-0.854589,1.89938,-1.78484,-1.53871,0.96446,-1.2047,0.248309,-0.623478,0.583724,0.767405,-1.18308,0.0290338,1.61152,-1.2135,1.92043,-1.10164,1.34016,-2.03785,0.725137,2.48646,-2.17422,
-0.501037,2.40476,-1.4773,-0.133047,-0.965985,0.191225,-0.236576,1.546,0.322882,-0.854589,1.89938,-0.628705,-1.53871,0.96446,-1.2047,1.43834,-0.623478,0.583724,-2.36315,-1.18308,0.0290338,1.61152,-2.00325,0.506688,0.775582,1.95942,-1.05268,1.20307,-2.31752,-2.01503,
-0.501037,2.40476,-1.4773,-0.133047,-0.965985,0.191225,-0.236576,1.546,0.322882,-0.854589,1.89938,-0.445297,-1.53871,0.96446,-1.2047,1.91986,-0.623478,0.583724,1.60126,-1.18308,0.0290338,1.61152,-0.0774745,0.394356,-1.38016,1.52691,-0.685665,0.833416,2.34646,-0.491294,
-0.501037,2.40476,-1.4773,-0.133047,-0.965985,0.191225,-0.236576,1.546,0.322882,-0.854589,1.89938,-3.03582,-1.53871,0.96446,-1.2047,0.507491,-0.623478,0.583724,-2.06248,-1.18308,0.0290338,1.61152,-0.496798,0.348726,0.872364,0.883296,-0.239919,-2.58459,0.528489,-1.32927,
-0.501037,2.40476,-1.4773,-0.133047,-0.965985,0.191225,-0.236576,1.546,0.322882,-0.854589,1.89938,-1.27311,-1.53871,0.96446,-1.2047,-0.17461,-0.623478,0.583724,1.13041,-1.18308,0.0290338,1.61152,-0.454309,1.68695,1.29105,1.34016,1.39535,0.133764,-0.244952,0.930859,
-0.501037,2.40476,-1.4773,-0.133047,-0.965985,0.191225,-0.236576,1.546,0.322882,-0.854589,1.89938,-0.865423,-1.53871,0.96446,-1.2047,1.62012,-0.623478,0.583724,-1.68759,-1.18308,0.0290338,1.61152,-0.777372,2.15611,0.59767,-1.15419,0.0232103,3.31458,0.446364,0.596337,
-0.501037,2.40476,-1.4773,-0.133047,-0.965985,0.191225,-0.236576,1.546,0.322882,-0.854589,1.89938,-2.91329,-1.53871,0.96446,-1.2047,1.36159,-0.623478,0.583724,0.0347843,-1.18308,0.0290338,1.61152,-0.570122,0.552708,-1.02335,1.21769,0.323665,1.2852,0.351772,1.90513,
-0.501037,2.40476,-1.4773,-0.133047,-0.965985,0.191225,-0.236576,1.546,0.322882,-0.854589,1.89938,-2.86241,-1.53871,0.96446,-1.2047,1.58825,-0.623478,0.583724,0.0734089,-1.18308,0.0290338,1.61152,-0.108908,-0.870031,-3.32442,-1.35529,-1.00733,-1.89362,-1.37246,1.01348,
-0.501037,2.40476,-1.4773,-0.133047,-0.965985,0.191225,-0.236576,1.546,0.322882,-0.854589,1.89938,-0.604815,-1.53871,0.96446,-1.2047,-0.158354,-0.623478,0.583724,0.0429605,-1.18308,0.0290338,1.61152,-2.28498,0.700372,-2.48077,0.651866,-2.19134,-1.2532,-0.892916,-2.14444,
-0.501037,2.40476,-1.4773,-0.133047,-0.965985,0.191225,-0.236576,1.546,0.322882,-0.854589,1.89938,0.649769,-1.53871,0.96446,-1.2047,0.670012,-0.623478,0.583724,0.0163031,-1.18308,0.0290338,1.61152,-1.35133,2.80168,1.58922,1.19261,1.22195,-0.415266,0.000546943,0.127344,
-0.501037,2.40476,-1.4773,-0.133047,-0.965985,0.191225,-0.236576,1.546,0.322882,-0.854589,1.89938,-2.26609,-1.53871,0.96446,-1.2047,1.47344,-0.623478,0.583724,-0.477624,-1.18308,0.0290338,1.61152,-1.70059,0.384399,-3.06013,2.65141,2.4707,1.15532,-0.829583,1.15076,
-0.501037,2.40476,-1.4773,-0.133047,-0.965985,0.191225,-0.236576,1.546,0.322882,-0.854589,1.89938,-1.3286,-1.53871,0.96446,-1.2047,0.984449,-0.623478,0.583724,-1.06647,-1.18308,0.0290338,1.61152,0.0609103,3.37983,-0.464591,-0.131977,0.0761423,1.78553,1.67897,1.04962,
-0.501037,2.40476,-1.4773,-0.133047,-0.965985,0.191225,-0.236576,1.546,0.322882,-0.854589,1.89938,-2.93244,-1.53871,0.96446,-1.2047,2.14785,-0.623478,0.583724,-1.23022,-1.18308,0.0290338,1.61152,-2.13223,0.658407,0.971938,-0.122778,-1.70332,0.258511,-1.47243,1.67823,
-0.501037,2.40476,-1.4773,-0.133047,-0.965985,0.191225,-0.236576,1.546,0.322882,-0.854589,1.89938,-0.69929,-1.53871,0.96446,-1.2047,2.07088,-0.623478,0.583724,0.551007,-1.18308,0.0290338,1.61152,-2.56376,2.76405,-0.193104,1.61419,1.23048,-0.0521579,0.0308404,2.82568,
-0.501037,2.40476,-1.4773,-0.133047,-0.965985,0.191225,-0.236576,1.546,0.322882,-0.854589,1.89938,-0.709745,-1.53871,0.96446,-1.2047,1.70378,-0.623478,0.583724,0.172489,-1.18308,0.0290338,1.61152,-0.965481,-0.216994,-1.03699,0.0170815,-1.21936,0.980721,1.13283,-2.40306,
-0.501037,2.40476,-1.4773,-0.133047,-0.965985,0.191225,-0.236576,1.546,0.322882,-0.854589,1.89938,-1.936,-1.53871,0.96446,-1.2047,0.810625,-0.623478,0.583724,-0.97206,-1.18308,0.0290338,1.61152,1.09394,-0.961912,-1.39679,-0.530466,-1.5204,0.465638,-1.09082,-2.43838,
-0.501037,2.40476,-1.4773,-0.133047,-0.965985,0.191225,-0.236576,1.546,0.322882,-0.854589,1.89938,-0.862005,-1.53871,0.96446,-1.2047,2.14604,-0.623478,0.583724,-0.526743,-1.18308,0.0290338,1.61152,-0.701292,-0.34779,0.971938,1.34561,-1.05771,0.565394,-2.98654,0.55562,
-0.501037,2.40476,-1.4773,-0.133047,-0.965985,0.191225,-0.236576,1.546,0.322882,-0.854589,1.89938,-1.79409,-1.53871,0.96446,-1.2047,2.38695,-0.623478,0.583724,-0.313899,-1.18308,0.0290338,1.61152,-1.05121,1.79932,-0.419106,0.39906,1.25274,0.497264,-0.884469,2.72249,
-0.501037,2.40476,-1.4773,-0.133047,-0.965985,0.191225,-0.236576,1.546,0.322882,-0.854589,1.89938,0.309916,-1.53871,0.96446,-1.2047,-0.114485,-0.623478,0.583724,-0.0856905,-1.18308,0.0290338,1.61152,-1.2105,3.21867,-1.53166,-1.09499,-2.69124,1.77364,0.987414,-1.62133,
-0.501037,2.40476,-1.4773,-0.133047,-0.965985,0.191225,-0.236576,1.546,0.322882,-0.854589,1.89938,-0.0767543,-1.53871,0.96446,-1.2047,0.768283,-0.623478,0.583724,-0.719396,-1.18308,0.0290338,1.61152,-0.14279,0.418859,0.494623,0.800867,-1.61154,0.503257,1.04963,-2.08915,
-0.501037,2.40476,-1.4773,-0.133047,-0.965985,0.191225,-0.236576,1.546,0.322882,-0.854589,1.89938,-1.52114,-1.53871,0.96446,-1.2047,0.679862,-0.623478,0.583724,-1.31094,-1.18308,0.0290338,1.61152,-0.722606,-0.813706,-0.978568,0.52173,-0.588044,-0.820023,0.10161,-0.0521885,
-0.501037,2.40476,-1.4773,-0.133047,-0.965985,0.191225,-0.236576,1.546,0.322882,-0.854589,1.89938,-1.55426,-1.53871,0.96446,-1.2047,0.55477,-0.623478,0.583724,0.442696,-1.18308,0.0290338,1.61152,0.071055,0.816073,1.35832,0.350812,1.23054,1.41741,-0.613043,-3.12942,
-0.501037,2.40476,-1.4773,-0.133047,-0.965985,0.191225,-0.236576,1.546,0.322882,-0.854589,1.89938,-1.72318,-1.53871,0.96446,-1.2047,1.3029,-0.623478,0.583724,-0.107067,-1.18308,0.0290338,1.61152,-1.03078,1.04515,-1.08983,1.4016,-0.548948,-1.05093,1.17352,-0.128173,
-0.501037,2.40476,-1.4773,-0.133047,-0.965985,0.191225,-0.236576,1.546,0.322882,-0.854589,1.89938,-1.15839,-1.53871,0.96446,-1.2047,1.06059,-0.623478,0.583724,-1.79535,-1.18308,0.0290338,1.61152,-1.38862,-0.221502,-0.574495,-0.0557884,-1.58628,-0.742861,-1.6163,-1.41043,
-0.501037,2.40476,-1.4773,-0.133047,-0.965985,0.191225,-0.236576,1.546,0.322882,-0.854589,1.89938,-3.03582,-1.53871,0.96446,-1.2047,-0.444236,-0.623478,0.583724,1.10863,-1.18308,0.0290338,1.61152,-0.0285205,2.02564,-0.656254,1.12894,-0.126437,3.56201,1.65094,-0.237234,
-0.501037,2.40476,-1.4773,-0.133047,-0.965985,0.191225,-0.236576,1.546,0.322882,-0.854589,1.89938,-1.03893,-1.53871,0.96446,-1.2047,1.26295,-0.623478,0.583724,0.644907,-1.18308,0.0290338,1.61152,-1.52059,-0.0975928,1.08351,-3.4489,0.711225,0.8978,-0.560359,1.08564,
-0.501037,2.40476,-1.4773,-0.133047,-0.965985,0.191225,-0.236576,1.546,0.322882,-0.854589,1.89938,-2.72573,-1.53871,0.96446,-1.2047,0.0290021,-0.623478,0.583724,0.19058,-1.18308,0.0290338,1.61152,-1.33324,4.45615,0.254807,-0.975107,-0.202809,-0.824588,0.442902,-1.45436,
-0.501037,2.40476,-1.4773,-0.133047,-0.965985,0.191225,-0.236576,1.546,0.322882,-0.854589,1.89938,-0.993123,-1.53871,0.96446,-1.2047,0.828407,-0.623478,0.583724,-1.4061,-1.18308,0.0290338,1.61152,-1.74965,-0.370984,-1.76982,1.48861,-2.24169,-0.714117,-1.80818,0.93292,
-0.501037,2.40476,-1.4773,-0.133047,-0.965985,0.191225,-0.236576,1.546,0.322882,-0.854589,1.89938,-0.56677,-1.53871,0.96446,-1.2047,-0.131701,-0.623478,0.583724,-0.135984,-1.18308,0.0290338,1.61152,-2.07397,0.173475,0.837032,1.24718,0.759027,0.047493,-1.04463,0.298422,
-0.501037,2.40476,-1.4773,-0.133047,-0.965985,0.191225,-0.236576,1.546,0.322882,-0.854589,1.89938,-0.723105,-1.53871,0.96446,-1.2047,-0.186419,-0.623478,0.583724,-0.927712,-1.18308,0.0290338,1.61152,-0.199401,1.23705,-0.812369,-1.34262,-1.22808,-0.551528,0.57134,0.319926,
-0.501037,2.40476,-1.4773,-0.133047,-0.965985,0.191225,-0.236576,1.546,0.322882,-0.854589,1.89938,-0.898639,-1.53871,0.96446,-1.2047,0.647835,-0.623478,0.583724,-0.133616,-1.18308,0.0290338,1.61152,-3.0591,2.28696,-1.47613,1.36331,-0.139068,2.76507,2.13271,0.938709,
-0.501037,2.40476,-1.4773,-0.133047,-0.965985,0.191225,-0.236576,1.546,0.322882,-0.854589,1.89938,-0.764095,-1.53871,0.96446,-1.2047,1.90195,-0.623478,0.583724,-0.0177358,-1.18308,0.0290338,1.61152,-1.37512,1.34926,-0.93359,0.48949,-1.03841,-0.541386,-0.595404,-1.78192,
-0.501037,2.40476,-1.4773,-0.133047,-0.965985,0.191225,-0.236576,1.546,0.322882,-0.854589,1.89938,0.214191,-1.53871,0.96446,-1.2047,1.56006,-0.623478,0.583724,0.113601,-1.18308,0.0290338,1.61152,-0.83681,4.63626,-1.57749,1.79946,-0.189081,-1.62892,0.222637,-0.546413,
-0.501037,2.40476,-1.4773,-0.133047,-0.965985,0.191225,-0.236576,1.546,0.322882,-0.854589,1.89938,-1.48174,-1.53871,0.96446,-1.2047,0.323583,-0.623478,0.583724,2.35389,-1.18308,0.0290338,1.61152,-0.732501,0.54014,-0.840903,-1.4924,0.85185,-0.261173,-2.08055,-0.0426946,
-0.501037,2.40476,-1.4773,-0.133047,-0.965985,0.191225,-0.236576,1.546,0.322882,-0.854589,1.89938,-2.39486,-1.53871,0.96446,-1.2047,-0.134467,-0.623478,0.583724,-0.915003,-1.18308,0.0290338,1.61152,-0.780958,2.80168,-0.992183,1.34561,-3.52168,-0.714584,-2.30174,-1.40216,
-0.501037,2.40476,-1.4773,-0.133047,-0.965985,0.191225,-0.236576,1.546,0.322882,-0.854589,1.89938,-1.72737,-1.53871,0.96446,-1.2047,-1.21992,-0.623478,0.583724,0.535482,-1.18308,0.0290338,1.61152,-0.84109,1.33399,-2.40512,-0.229823,-0.255791,-0.00850966,-1.09652,-0.978175,
-0.501037,2.40476,-1.4773,-0.133047,-0.965985,0.191225,-0.236576,1.546,0.322882,-0.854589,1.89938,-1.16491,-1.53871,0.96446,-1.2047,-0.169487,-0.623478,0.583724,-0.676206,-1.18308,0.0290338,1.61152,-0.928945,3.3086,-0.297175,-2.0573,-0.597712,-0.296171,-1.89942,-0.602459,
-0.501037,2.40476,-1.4773,-0.133047,-0.965985,0.191225,-0.236576,1.546,0.322882,-0.854589,1.89938,-1.18302,-1.53871,0.96446,-1.2047,1.79156,-0.623478,0.583724,-1.59061,-1.18308,0.0290338,1.61152,-2.59842,-1.14518,-1.34247,0.952542,-2.65419,1.00557,-0.492991,-0.110123,
-0.501037,2.40476,-1.4773,-0.133047,-0.965985,0.191225,-0.236576,1.546,0.322882,-0.854589,1.89938,-1.32234,-1.53871,0.96446,-1.2047,-0.700718,-0.623478,0.583724,-1.4061,-1.18308,0.0290338,1.61152,-1.43005,2.00469,-0.518202,-0.00708023,1.89312,0.503257,-1.817,3.17612,
-0.501037,2.40476,-1.4773,-0.133047,-0.965985,0.191225,-0.236576,1.546,0.322882,-0.854589,1.89938,-2.17604,-1.53871,0.96446,-1.2047,0.401572,-0.623478,0.583724,0.19058,-1.18308,0.0290338,1.61152,-0.452444,2.04115,-1.84033,0.306841,0.975041,-0.544606,1.07854,-0.609558,
-0.501037,2.40476,-1.4773,-0.133047,-0.965985,0.191225,-0.236576,1.546,0.322882,-0.854589,1.89938,-2.11284,-1.53871,0.96446,-1.2047,-0.189484,-0.623478,0.583724,-0.618434,-1.18308,0.0290338,1.61152,-1.52416,0.334334,-0.510021,1.94882,-1.29624,-0.701935,4.28131,-0.501982,
-0.501037,2.40476,-1.4773,-0.133047,-0.965985,0.191225,-0.236576,1.546,0.322882,-0.854589,1.89938,-1.86056,-1.53871,0.96446,-1.2047,0.120023,-0.623478,0.583724,1.21562,-1.18308,0.0290338,1.61152,-1.69249,1.70728,-0.953511,1.63441,1.90744,0.445981,-0.284791,0.79477,
-0.501037,2.40476,-1.4773,-0.133047,-0.965985,0.191225,-0.236576,1.546,0.322882,-0.854589,1.89938,0.163182,-1.53871,0.96446,-1.2047,0.340306,-0.623478,0.583724,0.774359,-1.18308,0.0290338,1.61152,-1.44122,-0.111656,-2.00066,1.24051,-1.52671,0.725137,-0.892916,-0.625605,
-0.501037,2.40476,-1.4773,-0.133047,-0.965985,0.191225,-0.236576,1.546,0.322882,-0.854589,1.89938,-0.890435,-1.53871,0.96446,-1.2047,1.69516,-0.623478,0.583724,1.71516,-1.18308,0.0290338,1.61152,-1.56737,3.1877,0.962671,-1.76706,1.8006,-1.77888,-3.56197,-0.638547,
-0.501037,2.40476,-1.4773,-0.133047,-0.965985,0.191225,-0.236576,1.546,0.322882,-0.854589,1.89938,-1.39432,-1.53871,0.96446,-1.2047,0.713116,-0.623478,0.583724,-1.68222,-1.18308,0.0290338,1.61152,-0.247409,-0.911281,-0.117169,1.36204,0.53267,1.11804,-1.26314,-1.37286,
-0.501037,2.40476,-1.4773,-0.133047,-0.965985,0.191225,-0.236576,1.546,0.322882,-0.854589,1.89938,-2.67148,-1.53871,0.96446,-1.2047,-1.03542,-0.623478,0.583724,-0.313899,-1.18308,0.0290338,1.61152,-1.79062,-1.38065,0.574106,-0.441575,0.838521,1.20048,0.176412,-0.966211,
-0.501037,2.40476,-1.4773,-0.133047,-0.965985,0.191225,-0.236576,1.546,0.322882,-0.854589,1.89938,0.493479,-1.53871,0.96446,-1.2047,-0.29627,-0.623478,0.583724,0.141502,-1.18308,0.0290338,1.61152,-0.634026,-0.667244,0.150563,-0.601822,1.34463,0.582989,-2.00692,0.293445,
-0.501037,2.40476,-1.4773,-0.133047,-0.965985,0.191225,-0.236576,1.546,0.322882,-0.854589,1.89938,-0.676701,-1.53871,0.96446,-1.2047,-0.120186,-0.623478,0.583724,-1.28811,-1.18308,0.0290338,1.61152,-1.06399,0.949238,-2.46189,0.173027,-0.100038,3.41975,0.618877,1.37038,
-0.501037,2.40476,-1.4773,-0.133047,-0.965985,0.191225,-0.236576,1.546,0.322882,-0.854589,1.89938,-1.26146,-1.53871,0.96446,-1.2047,0.763868,-0.623478,0.583724,-0.465652,-1.18308,0.0290338,1.61152,-0.60091,0.654994,-2.90621,2.64019,-1.10966,-0.576334,-0.692949,-0.421696,
-0.501037,2.40476,-1.4773,-0.133047,-0.965985,0.191225,-0.236576,1.546,0.322882,-0.854589,1.89938,-0.669418,-1.53871,0.96446,-1.2047,1.02771,-0.623478,0.583724,0.0405412,-1.18308,0.0290338,1.61152,-1.91396,2.39688,1.54775,0.962737,2.40351,1.41741,1.82386,-0.923224,
-0.501037,2.40476,-1.4773,-0.133047,-0.965985,0.191225,-0.236576,1.546,0.322882,-0.854589,1.89938,0.104527,-1.53871,0.96446,-1.2047,2.65184,-0.623478,0.583724,-0.388745,-1.18308,0.0290338,1.61152,-0.566994,1.23309,0.959661,1.61621,-1.35758,1.26556,0.38687,-1.76045,
-0.501037,2.40476,-1.4773,-0.133047,-0.965985,0.191225,-0.236576,1.546,0.322882,-0.854589,1.89938,-1.26146,-1.53871,0.96446,-1.2047,-0.49582,-0.623478,0.583724,0.226204,-1.18308,0.0290338,1.61152,-2.72713,0.536326,-0.390485,1.48861,-1.40593,0.752357,-0.203398,1.07776,
-0.501037,2.40476,-1.4773,-0.133047,-0.965985,0.191225,-0.236576,1.546,0.322882,-0.854589,1.89938,-0.263069,-1.53871,0.96446,-1.2047,1.43252,-0.623478,0.583724,2.68131,-1.18308,0.0290338,1.61152,-0.326948,0.748467,-0.554712,-1.96143,0.178889,-2.48679,-1.33099,-0.978175,
-0.501037,2.40476,-1.4773,-0.133047,-0.965985,0.191225,-0.236576,1.546,0.322882,-0.854589,1.89938,-2.07581,-1.53871,0.96446,-1.2047,-0.879261,-0.623478,0.583724,-0.382765,-1.18308,0.0290338,1.61152,-2.52637,2.9513,-1.63639,-0.870424,0.67562,-0.0718294,2.0413,0.0536258,
-0.501037,2.40476,-1.4773,-0.133047,-0.965985,0.191225,-0.236576,1.546,0.322882,-0.854589,1.89938,-0.77804,-1.53871,0.96446,-1.2047,0.535423,-0.623478,0.583724,-0.621999,-1.18308,0.0290338,1.61152,-0.847312,1.04515,-0.594055,0.166605,-1.60608,0.494825,3.18221,-1.04181,
-0.501037,2.40476,-1.4773,-0.133047,-0.965985,0.191225,-0.236576,1.546,0.322882,-0.854589,1.89938,-2.41206,-1.53871,0.96446,-1.2047,1.85664,-0.623478,0.583724,0.64662,-1.18308,0.0290338,1.61152,-0.928945,0.793939,-1.444,0.891319,-0.406867,-0.802931,0.494041,-0.289414,
-0.501037,2.40476,-1.4773,-0.133047,-0.965985,0.191225,-0.236576,1.546,0.322882,-0.854589,1.89938,-1.00311,-1.53871,0.96446,-1.2047,0.284848,-0.623478,0.583724,-1.47583,-1.18308,0.0290338,1.61152,1.32828,1.37857,-0.672615,1.61218,-1.21221,1.77974,-0.648534,0.0924249,
-0.501037,2.40476,-1.4773,-0.133047,-0.965985,0.191225,-0.236576,1.546,0.322882,-0.854589,1.89938,-0.327797,-1.53871,0.96446,-1.2047,0.0802187,-0.623478,0.583724,-1.27573,-1.18308,0.0290338,1.61152,0.134212,1.88752,-1.49525,-0.924182,0.73321,2.39096,0.863842,0.0168197,
-0.501037,2.40476,-1.4773,-0.133047,-0.965985,0.191225,-0.236576,1.546,0.322882,-0.854589,1.89938,-0.200805,-1.53871,0.96446,-1.2047,1.67255,-0.623478,0.583724,-1.31493,-1.18308,0.0290338,1.61152,-0.24825,1.18258,0.25816,1.42946,-1.41957,1.0216,2.61586,1.70316,
-0.501037,2.40476,-1.4773,-0.133047,-0.965985,0.191225,-0.236576,1.546,0.322882,-0.854589,1.89938,-0.958209,-1.53871,0.96446,-1.2047,2.51093,-0.623478,0.583724,-0.395099,-1.18308,0.0290338,1.61152,-1.01877,1.21639,0.220799,1.34561,-2.27002,-0.75658,-1.60091,-0.21515,
-0.501037,2.40476,-1.4773,-0.133047,-0.965985,0.191225,-0.236576,1.546,0.322882,-0.854589,1.89938,0.283867,-1.53871,0.96446,-1.2047,0.647835,-0.623478,0.583724,0.853204,-1.18308,0.0290338,1.61152,-1.0207,1.75863,-0.409963,3.50554,-2.45061,-1.5591,0.329664,-0.269705,
-0.501037,2.40476,-1.4773,-0.133047,-0.965985,0.191225,-0.236576,1.546,0.322882,-0.854589,1.89938,-2.22003,-1.53871,0.96446,-1.2047,0.0599083,-0.623478,0.583724,0.861045,-1.18308,0.0290338,1.61152,-1.21372,0.831355,-2.73866,-1.32161,-0.480059,0.240872,0.982299,1.24524,
-0.501037,2.40476,-1.4773,-0.133047,-0.965985,0.191225,-0.236576,1.546,0.322882,-0.854589,1.89938,-2.70299,-1.53871,0.96446,-1.2047,1.12621,-0.623478,0.583724,1.10155,-1.18308,0.0290338,1.61152,-1.88766,0.105389,-0.00306825,-1.87365,-1.33838,1.98214,0.738933,0.0147957,
-0.501037,2.40476,-1.4773,-0.133047,-0.965985,0.191225,-0.236576,1.546,0.322882,-0.854589,1.89938,-0.760407,-1.53871,0.96446,-1.2047,0.614964,-0.623478,0.583724,-1.63361,-1.18308,0.0290338,1.61152,-3.09294,0.54014,-0.42919,1.5474,-1.01652,2.20119,-3.12229,-2.08915,
-0.501037,2.40476,-1.4773,-0.133047,-0.965985,0.191225,-0.236576,1.546,0.322882,-0.854589,1.89938,-2.05742,-1.53871,0.96446,-1.2047,-0.939014,-0.623478,0.583724,1.41099,-1.18308,0.0290338,1.61152,-2.91988,-0.621269,0.566388,1.54463,1.11029,0.00269335,-0.647148,-0.67298,
-0.501037,2.40476,-1.4773,-0.133047,-0.965985,0.191225,-0.236576,1.546,0.322882,-0.854589,1.89938,0.923967,-1.53871,0.96446,-1.2047,1.9203,-0.623478,0.583724,-2.47681,-1.18308,0.0290338,1.61152,-1.14228,0.693072,-2.07107,0.619283,0.0173919,-0.292764,-0.805313,1.43428,
-0.501037,2.40476,-1.4773,-0.133047,-0.965985,0.191225,-0.236576,1.546,0.322882,-0.854589,1.89938,-0.661792,-1.53871,0.96446,-1.2047,-0.000401875,-0.623478,0.583724,0.534432,-1.18308,0.0290338,1.61152,-2.27314,-0.249126,-0.861879,1.93477,-0.38597,1.38284,0.745809,1.09443,
-0.501037,2.40476,-1.4773,-0.133047,-0.965985,0.191225,-0.236576,1.546,0.322882,-0.854589,1.89938,-1.26899,-1.53871,0.96446,-1.2047,0.314028,-0.623478,0.583724,-0.642358,-1.18308,0.0290338,1.61152,-1.34549,0.0480018,-1.38517,-0.0336908,-1.52671,-0.0871041,-0.606626,-2.62225,
-0.501037,2.40476,-1.4773,-0.133047,-0.965985,0.191225,-0.236576,1.546,0.322882,-0.854589,1.89938,-2.26609,-1.53871,0.96446,-1.2047,0.593663,-0.623478,0.583724,1.93631,-1.18308,0.0290338,1.61152,-1.15601,0.481134,-1.90858,0.995229,-1.04513,0.429854,-3.29475,-0.501982,
-0.501037,2.40476,-1.4773,-0.133047,-0.965985,0.191225,-0.236576,1.546,0.322882,-0.854589,1.89938,-2.36752,-1.53871,0.96446,-1.2047,0.366919,-0.623478,0.583724,-0.954257,-1.18308,0.0290338,1.61152,-1.03847,-0.260955,0.421851,1.35251,0.26465,2.02704,-0.956559,-1.40216,
-0.501037,2.40476,-1.4773,-0.133047,-0.965985,0.191225,-0.236576,1.546,0.322882,-0.854589,1.89938,-2.47267,-1.53871,0.96446,-1.2047,1.31562,-0.623478,0.583724,-0.489444,-1.18308,0.0290338,1.61152,-1.8356,0.625552,-0.756432,1.96101,0.830752,-0.284659,-1.39757,-1.41593,
-0.501037,2.40476,-1.4773,-0.133047,-0.965985,0.191225,-0.236576,1.546,0.322882,-0.854589,1.89938,-1.94981,-1.53871,0.96446,-1.2047,2.65345,-0.623478,0.583724,1.68784,-1.18308,0.0290338,1.61152,-0.505303,1.26728,0.494623,-0.530972,-2.08119,-1.46889,0.305017,0.146152,
-0.501037,2.40476,-1.4773,-0.133047,-0.965985,0.191225,-0.236576,1.546,0.322882,-0.854589,1.89938,-2.90271,-1.53871,0.96446,-1.2047,0.71055,-0.623478,0.583724,-0.414354,-1.18308,0.0290338,1.61152,-1.4591,1.0391,-0.840334,1.74026,-1.82303,0.983764,-0.548999,-2.29672,
-0.501037,2.40476,-1.4773,-0.133047,-0.965985,0.191225,-0.236576,1.546,0.322882,-0.854589,1.89938,-0.914414,-1.53871,0.96446,-1.2047,0.531985,-0.623478,0.583724,-0.506348,-1.18308,0.0290338,1.61152,-0.799585,1.80721,-2.38889,1.79946,-1.11926,-0.60656,-0.438941,-0.606624,
-0.501037,2.40476,-1.4773,-0.133047,-0.965985,0.191225,-0.236576,1.546,0.322882,-0.854589,1.89938,-1.84779,-1.53871,0.96446,-1.2047,0.296036,-0.623478,0.583724,-0.383548,-1.18308,0.0290338,1.61152,-1.54875,1.66269,-0.531697,2.18041,0.781527,1.31924,0.800599,0.554248,
-0.501037,2.40476,-1.4773,-0.133047,-0.965985,0.191225,-0.236576,1.546,0.322882,-0.854589,1.89938,0.418458,-1.53871,0.96446,-1.2047,0.407601,-0.623478,0.583724,1.41099,-1.18308,0.0290338,1.61152,-0.0378379,1.68695,-1.86333,-1.64517,1.43153,-2.02377,-1.43636,0.876391,
-0.501037,2.40476,-1.4773,-0.133047,-0.965985,0.191225,-0.236576,1.546,0.322882,-0.854589,1.89938,-1.07397,-1.53871,0.96446,-1.2047,1.79455,-0.623478,0.583724,-0.514813,-1.18308,0.0290338,1.61152,-2.68142,0.751949,0.195066,0.491436,0.169625,-1.00643,0.865977,-0.014554,
-0.501037,2.40476,-1.4773,-0.133047,-0.965985,0.191225,-0.236576,1.546,0.322882,-0.854589,1.89938,-2.22425,-1.53871,0.96446,-1.2047,1.32426,-0.623478,0.583724,-1.83109,-1.18308,0.0290338,1.61152,-3.22407,1.42491,-1.55333,1.5531,-2.57528,-1.98456,0.0657134,-0.0423698,
-0.501037,2.40476,-1.4773,-0.133047,-0.965985,0.191225,-0.236576,1.546,0.322882,-0.854589,1.89938,-1.09739,-1.53871,0.96446,-1.2047,1.36159,-0.623478,0.583724,-0.212415,-1.18308,0.0290338,1.61152,-0.806937,0.0303644,-0.154193,0.126989,-1.09369,1.70571,2.14795,1.48111,
-0.501037,2.40476,-1.4773,-0.133047,-0.965985,0.191225,-0.236576,1.546,0.322882,-0.854589,1.89938,0.101531,-1.53871,0.96446,-1.2047,1.30721,-0.623478,0.583724,0.454638,-1.18308,0.0290338,1.61152,-1.47982,-0.985201,1.2939,0.651866,2.25951,2.58968,0.552691,-3.12942,
-0.501037,2.40476,-1.4773,-0.133047,-0.965985,0.191225,-0.236576,1.546,0.322882,-0.854589,1.89938,-0.253311,-1.53871,0.96446,-1.2047,1.2953,-0.623478,0.583724,-0.364614,-1.18308,0.0290338,1.61152,-2.03261,1.39301,0.595152,0.857685,0.748136,-1.71491,-0.777734,0.172237,
-0.501037,2.40476,-1.4773,-0.133047,-0.965985,0.191225,-0.236576,1.546,0.322882,-0.854589,1.89938,0.662662,-1.53871,0.96446,-1.2047,0.657173,-0.623478,0.583724,-0.396412,-1.18308,0.0290338,1.61152,-1.32169,-0.815485,-2.73866,0.232399,0.0792096,1.52521,-2.06482,-0.284362,
-0.501037,2.40476,-1.4773,-0.133047,-0.965985,0.191225,-0.236576,1.546,0.322882,-0.854589,1.89938,-0.0220945,-1.53871,0.96446,-1.2047,1.43834,-0.623478,0.583724,0.0772607,-1.18308,0.0290338,1.61152,-1.3662,2.28438,0.158528,3.73921,-0.181749,0.8978,0.774391,0.777254,
-0.501037,2.40476,-1.4773,-0.133047,-0.965985,0.191225,-0.236576,1.546,0.322882,-0.854589,1.89938,-1.3358,-1.53871,0.96446,-1.2047,-0.534708,-0.623478,0.583724,-1.74374,-1.18308,0.0290338,1.61152,-2.88198,0.679134,-0.706721,0.292977,0.21747,0.881729,0.0390512,-0.183696,
-0.501037,2.40476,-1.4773,-0.133047,-0.965985,0.191225,-0.236576,1.546,0.322882,-0.854589,1.89938,-0.937441,-1.53871,0.96446,-1.2047,1.45968,-0.623478,0.583724,-3.04246,-1.18308,0.0290338,1.61152,-0.00156094,1.89494,-1.29626,0.622707,2.22006,0.743218,1.27196,0.0924249,
-0.501037,2.40476,-1.4773,-0.133047,-0.965985,0.191225,-0.236576,1.546,0.322882,-0.854589,1.89938,-0.937441,-1.53871,0.96446,-1.2047,-0.201468,-0.623478,0.583724,-0.14989,-1.18308,0.0290338,1.61152,-0.610085,1.23895,-0.675174,0.557498,-0.793401,-1.02452,0.776679,0.331962,
-0.501037,2.40476,-1.4773,-0.133047,-0.965985,0.191225,-0.236576,1.546,0.322882,-0.854589,1.89938,-0.497612,-1.53871,0.96446,-1.2047,0.725725,-0.623478,0.583724,2.68131,-1.18308,0.0290338,1.61152,-2.26514,1.98942,-1.35154,1.00013,0.134063,-3.45104,-0.519417,1.10717,
-0.501037,2.40476,-1.4773,-0.133047,-0.965985,0.191225,-0.236576,1.546,0.322882,-0.854589,1.89938,-0.811128,-1.53871,0.96446,-1.2047,0.832453,-0.623478,0.583724,-2.05367,-1.18308,0.0290338,1.61152,0.071055,0.625552,-1.47117,-0.868713,0.669083,-0.534257,-0.0586048,-0.117393,
-0.501037,2.40476,-1.4773,-0.133047,-0.965985,0.191225,-0.236576,1.546,0.322882,-0.854589,1.89938,-2.591,-1.53871,0.96446,-1.2047,0.140744,-0.623478,0.583724,0.933578,-1.18308,0.0290338,1.61152,-2.91988,-0.509886,0.687153,1.60248,-0.0281155,0.192413,0.432745,0.400773,
-0.501037,2.40476,-1.4773,-0.133047,-0.965985,0.191225,-0.236576,1.546,0.322882,-0.854589,1.89938,-1.34158,-1.53871,0.96446,-1.2047,0.782833,-0.623478,0.583724,-0.725354,-1.18308,0.0290338,1.61152,-0.567394,0.154526,-0.465237,-0.199985,0.950493,1.60293,-0.865486,1.99189,
-0.501037,2.40476,-1.4773,-0.133047,-0.965985,0.191225,-0.236576,1.546,0.322882,-0.854589,1.89938,0.362579,-1.53871,0.96446,-1.2047,2.46141,-0.623478,0.583724,-1.49341,-1.18308,0.0290338,1.61152,-2.29468,1.06086,0.150563,-0.441575,-1.84049,1.32531,0.449045,-0.466118,
-0.501037,2.40476,-1.4773,-0.133047,-0.965985,0.191225,-0.236576,1.546,0.322882,-0.854589,1.89938,-2.39658,-1.53871,0.96446,-1.2047,1.34106,-0.623478,0.583724,-1.41214,-1.18308,0.0290338,1.61152,-2.17578,3.38929,-0.447148,-0.157155,-0.0130293,-1.04318,-3.35002,0.541745,
-0.501037,2.40476,-1.4773,-0.133047,-0.965985,0.191225,-0.236576,1.546,0.322882,-0.854589,1.89938,-1.03025,-1.53871,0.96446,-1.2047,-0.108739,-0.623478,0.583724,-0.276301,-1.18308,0.0290338,1.61152,-0.726112,0.349834,0.482382,0.18818,-0.912129,-0.519737,1.34738,0.433663,
-0.501037,2.40476,-1.4773,-0.133047,-0.965985,0.191225,-0.236576,1.546,0.322882,-0.854589,1.89938,-1.17952,-1.53871,0.96446,-1.2047,-1.03542,-0.623478,0.583724,-1.00108,-1.18308,0.0290338,1.61152,-1.11275,1.20248,-2.41929,1.45059,1.06484,1.26179,0.222637,-1.68101,
-0.501037,2.40476,-1.4773,-0.133047,-0.965985,0.191225,-0.236576,1.546,0.322882,-0.854589,1.89938,-1.7049,-1.53871,0.96446,-1.2047,1.04691,-0.623478,0.583724,0.454638,-1.18308,0.0290338,1.61152,-1.38271,-0.294754,-0.503096,-0.116118,-0.222214,-2.07291,-0.541527,1.90066,
-0.501037,2.40476,-1.4773,-0.133047,-0.965985,0.191225,-0.236576,1.546,0.322882,-0.854589,1.89938,-0.682254,-1.53871,0.96446,-1.2047,2.4097,-0.623478,0.583724,-0.70076,-1.18308,0.0290338,1.61152,-1.08438,0.764418,0.687153,1.63418,-1.33838,-1.28782,-2.70627,0.702776,
-0.501037,2.40476,-1.4773,-0.133047,-0.965985,0.191225,-0.236576,1.546,0.322882,-0.854589,1.89938,-0.312346,-1.53871,0.96446,-1.2047,-0.730858,-0.623478,0.583724,0.340164,-1.18308,0.0290338,1.61152,-1.46913,2.13514,-0.309116,-1.22573,0.758927,0.60846,1.79381,-0.986582,
-0.501037,2.40476,-1.4773,-0.133047,-0.965985,0.191225,-0.236576,1.546,0.322882,-0.854589,1.89938,-0.618566,-1.53871,0.96446,-1.2047,0.42005,-0.623478,0.583724,-0.177194,-1.18308,0.0290338,1.61152,-0.322582,2.16605,-0.261018,-1.71935,0.923062,3.03102,-2.49837,-1.11598,
-0.501037,2.40476,-1.4773,-0.133047,-0.965985,0.191225,-0.236576,1.546,0.322882,-0.854589,1.89938,-0.231324,-1.53871,0.96446,-1.2047,0.355412,-0.623478,0.583724,1.46625,-1.18308,0.0290338,1.61152,-0.734699,1.89494,-2.16779,-0.178297,0.309671,-0.938007,0.583269,1.37451,
-0.501037,2.40476,-1.4773,-0.133047,-0.965985,0.191225,-0.236576,1.546,0.322882,-0.854589,1.89938,-1.45685,-1.53871,0.96446,-1.2047,-0.0584732,-0.623478,0.583724,-0.445618,-1.18308,0.0290338,1.61152,0.372289,0.98733,-1.68609,-1.18839,0.684747,2.30258,-1.09652,-1.71035,
-0.501037,2.40476,-1.4773,-0.133047,-0.965985,0.191225,-0.236576,1.546,0.322882,-0.854589,1.89938,-1.20667,-1.53871,0.96446,-1.2047,-2.32146,-0.623478,0.583724,-1.79535,-1.18308,0.0290338,1.61152,0.526021,1.87087,0.224254,2.03417,-0.916424,-1.23776,0.391982,2.74048,
-0.501037,2.40476,-1.4773,-0.133047,-0.965985,0.191225,-0.236576,1.546,0.322882,-0.854589,1.89938,-0.546558,-1.53871,0.96446,-1.2047,-1.89381,-0.623478,0.583724,-0.150385,-1.18308,0.0290338,1.61152,-0.615833,-0.0350179,-1.33326,0.829948,0.810801,-0.128923,2.31141,0.848673,
-0.501037,2.40476,-1.4773,-0.133047,-0.965985,0.191225,-0.236576,1.546,0.322882,-0.854589,1.89938,-2.83823,-1.53871,0.96446,-1.2047,0.477806,-0.623478,0.583724,-0.640745,-1.18308,0.0290338,1.61152,-0.812247,2.87159,-3.33099,0.678527,-3.31587,1.88983,-0.458601,1.45744,
-0.501037,2.40476,-1.4773,-0.133047,-0.965985,0.191225,-0.236576,1.546,0.322882,-0.854589,1.89938,-2.24573,-1.53871,0.96446,-1.2047,1.05197,-0.623478,0.583724,1.09008,-1.18308,0.0290338,1.61152,-0.369864,-0.775659,0.673574,-0.179895,0.877913,1.25111,-2.61993,-0.0620418,
-0.501037,2.40476,-1.4773,-0.133047,-0.965985,0.191225,-0.236576,1.546,0.322882,-0.854589,1.89938,-0.981982,-1.53871,0.96446,-1.2047,0.779983,-0.623478,0.583724,-1.29002,-1.18308,0.0290338,1.61152,-1.04194,-1.43782,-0.297175,3.22447,0.759027,0.222271,-1.2557,0.183192,
-0.501037,2.40476,-1.4773,-0.133047,-0.965985,0.191225,-0.236576,1.546,0.322882,-0.854589,1.89938,-1.76131,-1.53871,0.96446,-1.2047,-0.169487,-0.623478,0.583724,-1.89979,-1.18308,0.0290338,1.61152,-1.15557,2.78895,-0.431148,0.4711,1.05541,4.01607,-3.84617,1.3137,
-0.501037,2.40476,-1.4773,-0.133047,-0.965985,0.191225,-0.236576,1.546,0.322882,-0.854589,1.89938,-0.661688,-1.53871,0.96446,-1.2047,1.24751,-0.623478,0.583724,-0.985187,-1.18308,0.0290338,1.61152,-1.86509,-0.745145,-0.317136,1.97665,-0.980011,0.104295,-0.325738,0.826308,
-0.501037,2.40476,-1.4773,-0.133047,-0.965985,0.191225,-0.236576,1.546,0.322882,-0.854589,1.89938,0.00130385,-1.53871,0.96446,-1.2047,-1.32881,-0.623478,0.583724,-0.80533,-1.18308,0.0290338,1.61152,0.391745,1.18258,-0.874327,1.97877,-0.982349,-1.41346,-2.04414,2.0703,
-0.501037,2.40476,-1.4773,-0.133047,-0.965985,0.191225,-0.236576,1.546,0.322882,-0.854589,1.89938,-1.36456,-1.53871,0.96446,-1.2047,-0.718185,-0.623478,0.583724,-0.662363,-1.18308,0.0290338,1.61152,-1.00378,2.52492,-2.40872,-0.871699,0.12011,2.50041,-1.32497,-0.810649,
-0.501037,2.40476,-1.4773,-0.133047,-0.965985,0.191225,-0.236576,1.546,0.322882,-0.854589,1.89938,-1.37279,-1.53871,0.96446,-1.2047,-0.562196,-0.623478,0.583724,0.147055,-1.18308,0.0290338,1.61152,-0.901623,0.196862,1.4758,0.746113,0.376254,-1.10573,-0.312489,0.783581,
-0.501037,2.40476,-1.4773,-0.133047,-0.965985,0.191225,-0.236576,1.546,0.322882,-0.854589,1.89938,0.412819,-1.53871,0.96446,-1.2047,1.45997,-0.623478,0.583724,-1.50736,-1.18308,0.0290338,1.61152,-0.777372,1.04515,0.195066,2.1193,-0.534421,1.31028,-0.414268,2.9433,
-0.501037,2.40476,-1.4773,-0.133047,-0.965985,0.191225,-0.236576,1.546,0.322882,-0.854589,1.89938,0.625218,-1.53871,0.96446,-1.2047,2.19818,-0.623478,0.583724,-0.714787,-1.18308,0.0290338,1.61152,-2.47578,1.92417,-1.63915,-0.788869,-0.629355,1.11225,1.00292,-0.0401714,
-0.501037,2.40476,-1.4773,-0.133047,-0.965985,0.191225,-0.236576,1.546,0.322882,-0.854589,1.89938,-1.15508,-1.53871,0.96446,-1.2047,0.148629,-0.623478,0.583724,-0.759387,-1.18308,0.0290338,1.61152,-1.23813,2.13327,-1.3342,-0.936158,0.0793203,-1.23776,1.69852,-0.237234,
-0.501037,2.40476,-1.4773,-0.133047,-0.965985,0.191225,-0.236576,1.546,0.322882,-0.854589,1.89938,-2.07208,-1.53871,0.96446,-1.2047,2.19014,-0.623478,0.583724,1.72182,-1.18308,0.0290338,1.61152,-0.123308,3.79646,-0.636321,0.349365,-0.40563,1.90234,-0.509356,-1.02989,
-0.501037,2.40476,-1.4773,-0.133047,-0.965985,0.191225,-0.236576,1.546,0.322882,-0.854589,1.89938,-1.67352,-1.53871,0.96446,-1.2047,2.19939,-0.623478,0.583724,-0.481203,-1.18308,0.0290338,1.61152,-0.900918,-1.60867,-0.352273,-0.307841,1.41386,2.76507,-2.30872,-0.178015,
-0.501037,2.40476,-1.4773,-0.133047,-0.965985,0.191225,-0.236576,1.546,0.322882,-0.854589,1.89938,-0.657681,-1.53871,0.96446,-1.2047,2.11834,-0.623478,0.583724,-2.3364,-1.18308,0.0290338,1.61152,-0.486402,0.658407,-0.00302468,2.10157,-0.782281,-1.00343,0.399481,-0.670414,
-0.501037,2.40476,-1.4773,-0.133047,-0.965985,0.191225,-0.236576,1.546,0.322882,-0.854589,1.89938,-2.16433,-1.53871,0.96446,-1.2047,0.799546,-0.623478,0.583724,-0.476847,-1.18308,0.0290338,1.61152,-1.37656,1.33767,-1.18862,1.80642,-0.236871,3.41975,-0.956559,-0.24704,
-0.501037,2.40476,-1.4773,-0.133047,-0.965985,0.191225,-0.236576,1.546,0.322882,-0.854589,1.89938,-2.45855,-1.53871,0.96446,-1.2047,2.51536,-0.623478,0.583724,-0.135984,-1.18308,0.0290338,1.61152,0.377696,-1.22417,-0.398876,0.904406,1.94757,-0.247705,-0.613043,-0.407549,
-0.501037,2.40476,-1.4773,-0.133047,-0.965985,0.191225,-0.236576,1.546,0.322882,-0.854589,1.89938,-1.13614,-1.53871,0.96446,-1.2047,0.355412,-0.623478,0.583724,-3.09103,-1.18308,0.0290338,1.61152,-0.302734,-0.573396,1.81925,-1.32682,-0.883856,3.03102,0.51305,0.397943,
-0.501037,2.40476,-1.4773,-0.133047,-0.965985,0.191225,-0.236576,1.546,0.322882,-0.854589,1.89938,-0.990687,-1.53871,0.96446,-1.2047,0.530648,-0.623478,0.583724,-0.216791,-1.18308,0.0290338,1.61152,-1.10176,1.17625,-0.897486,-0.215264,-0.311066,0.389241,-0.451276,2.48284,
-0.501037,2.40476,-1.4773,-0.133047,-0.965985,0.191225,-0.236576,1.546,0.322882,-0.854589,1.89938,-0.556026,-1.53871,0.96446,-1.2047,-0.205994,-0.623478,0.583724,-0.533198,-1.18308,0.0290338,1.61152,-2.37478,3.60473,-0.626532,3.69751,0.651186,1.65881,0.901718,-3.13523,
-0.501037,2.40476,-1.4773,-0.133047,-0.965985,0.191225,-0.236576,1.546,0.322882,-0.854589,1.89938,-1.00526,-1.53871,0.96446,-1.2047,1.46345,-0.623478,0.583724,-1.62945,-1.18308,0.0290338,1.61152,-2.70015,0.722683,-0.70365,1.70827,0.527065,2.37684,0.159034,-0.181631,
-0.501037,2.40476,-1.4773,-0.133047,-0.965985,0.191225,-0.236576,1.546,0.322882,-0.854589,1.89938,-1.83925,-1.53871,0.96446,-1.2047,0.36133,-0.623478,0.583724,-1.16238,-1.18308,0.0290338,1.61152,-1.2119,1.37857,-1.07272,-3.03934,-0.344599,-1.33561,1.5092,-2.18998,
-0.501037,2.40476,-1.4773,-0.133047,-0.965985,0.191225,-0.236576,1.546,0.322882,-0.854589,1.89938,-2.47094,-1.53871,0.96446,-1.2047,1.07218,-0.623478,0.583724,-1.50768,-1.18308,0.0290338,1.61152,-0.335684,0.773116,-1.81025,2.1294,-2.47683,-0.0749833,2.63844,-0.381696,
-0.501037,2.40476,-1.4773,-0.133047,-0.965985,0.191225,-0.236576,1.546,0.322882,-0.854589,1.89938,-0.798532,-1.53871,0.96446,-1.2047,1.8877,-0.623478,0.583724,-1.6358,-1.18308,0.0290338,1.61152,-2.20404,-0.34779,-2.18662,-0.425164,-0.109482,-2.02377,0.0306293,1.13736,
-0.501037,2.40476,-1.4773,-0.133047,-0.965985,0.191225,-0.236576,1.546,0.322882,-0.854589,1.89938,-1.97898,-1.53871,0.96446,-1.2047,0.558447,-0.623478,0.583724,0.78376,-1.18308,0.0290338,1.61152,-0.341947,-0.619991,-1.72329,0.826898,-3.06517,0.00269335,0.494041,-2.45882,
-0.501037,2.40476,-1.4773,-0.133047,-0.965985,0.191225,-0.236576,1.546,0.322882,-0.854589,1.89938,-1.29842,-1.53871,0.96446,-1.2047,0.362934,-0.623478,0.583724,-0.895381,-1.18308,0.0290338,1.61152,-1.04941,0.299112,0.88229,0.0715852,1.07022,0.348687,-0.504119,0.437697,
-0.501037,2.40476,-1.4773,-0.133047,-0.965985,0.191225,-0.236576,1.546,0.322882,-0.854589,1.89938,-1.36364,-1.53871,0.96446,-1.2047,0.501535,-0.623478,0.583724,-1.07827,-1.18308,0.0290338,1.61152,-2.16031,0.463913,0.566388,3.06276,0.949905,1.02356,-1.33495,0.777254,
-0.501037,2.40476,-1.4773,-0.133047,-0.965985,0.191225,-0.236576,1.546,0.322882,-0.854589,1.89938,-0.00942861,-1.53871,0.96446,-1.2047,0.870199,-0.623478,0.583724,-1.06574,-1.18308,0.0290338,1.61152,-1.10872,0.671003,0.774372,3.33233,-3.05896,0.561733,2.1485,4.06946,
-0.501037,2.40476,-1.4773,-0.133047,-0.965985,0.191225,-0.236576,1.546,0.322882,-0.854589,1.89938,0.369427,-1.53871,0.96446,-1.2047,1.36079,-0.623478,0.583724,-0.629291,-1.18308,0.0290338,1.61152,-0.974838,1.47316,-1.7467,0.667965,-1.45896,0.193882,-0.916899,-0.573862,
-0.501037,2.40476,-1.4773,-0.133047,-0.965985,0.191225,-0.236576,1.546,0.322882,-0.854589,1.89938,-1.82969,-1.53871,0.96446,-1.2047,0.523672,-0.623478,0.583724,0.293869,-1.18308,0.0290338,1.61152,0.555564,1.36697,-0.00446055,-0.97481,1.24532,-0.653161,1.26127,-1.00398,
-0.501037,2.40476,-1.4773,-0.133047,-0.965985,0.191225,-0.236576,1.546,0.322882,-0.854589,1.89938,0.290205,-1.53871,0.96446,-1.2047,1.92427,-0.623478,0.583724,0.102209,-1.18308,0.0290338,1.61152,-1.22322,1.2789,-0.117169,0.569844,-1.29095,-0.0718294,-0.930577,-0.0440839,
-0.501037,2.40476,-1.4773,-0.133047,-0.965985,0.191225,-0.236576,1.546,0.322882,-0.854589,1.89938,-0.318533,-1.53871,0.96446,-1.2047,2.2408,-0.623478,0.583724,0.45017,-1.18308,0.0290338,1.61152,-1.19986,0.571885,-1.4095,0.421657,-0.519893,2.8737,-0.204225,-0.405389,
-0.501037,2.40476,-1.4773,-0.133047,-0.965985,0.191225,-0.236576,1.546,0.322882,-0.854589,1.89938,-1.75555,-1.53871,0.96446,-1.2047,1.55413,-0.623478,0.583724,-0.886338,-1.18308,0.0290338,1.61152,-1.33324,-2.34031,0.821477,0.00307565,0.928346,-2.00734,-1.26314,1.01348,
-0.501037,2.40476,-1.4773,-0.133047,-0.965985,0.191225,-0.236576,1.546,0.322882,-0.854589,1.89938,-0.0704273,-1.53871,0.96446,-1.2047,-0.106361,-0.623478,0.583724,-0.276301,-1.18308,0.0290338,1.61152,-0.803926,0.705176,-1.72329,0.57788,-0.87626,1.86292,1.12382,0.657323,
-0.501037,2.40476,-1.4773,-0.133047,-0.965985,0.191225,-0.236576,1.546,0.322882,-0.854589,1.89938,-2.54536,-1.53871,0.96446,-1.2047,-0.103028,-0.623478,0.583724,-1.15781,-1.18308,0.0290338,1.61152,-0.946769,1.36632,-0.770648,0.749506,-0.0281155,-0.340196,-0.0667582,-0.374772,
-0.501037,2.40476,-1.4773,-0.133047,-0.965985,0.191225,-0.236576,1.546,0.322882,-0.854589,1.89938,1.01846,-1.53871,0.96446,-1.2047,0.836886,-0.623478,0.583724,-1.54577,-1.18308,0.0290338,1.61152,-1.05102,-0.911281,-1.27691,-1.27328,-1.01353,1.18798,0.93206,-0.875144,
-0.501037,2.40476,-1.4773,-0.133047,-0.965985,0.191225,-0.236576,1.546,0.322882,-0.854589,1.89938,-0.501069,-1.53871,0.96446,-1.2047,0.271012,-0.623478,0.583724,0.133725,-1.18308,0.0290338,1.61152,-1.54322,1.36632,-0.626626,-0.193446,0.685504,-0.935756,-1.24004,0.658595,
-0.501037,2.40476,-1.4773,-0.133047,-0.965985,0.191225,-0.236576,1.546,0.322882,-0.854589,1.89938,-0.139528,-1.53871,0.96446,-1.2047,0.660301,-0.623478,0.583724,-1.15781,-1.18308,0.0290338,1.61152,-1.40814,1.74885,-2.20411,-0.960219,-0.509608,-1.4052,1.09124,-3.13523,
-0.501037,2.40476,-1.4773,-0.133047,-0.965985,0.191225,-0.236576,1.546,0.322882,-0.854589,1.89938,-1.15382,-1.53871,0.96446,-1.2047,0.657173,-0.623478,0.583724,0.644907,-1.18308,0.0290338,1.61152,-1.01255,-0.787373,1.09458,-2.72394,0.53267,0.565869,-0.554684,-0.97517,
-0.501037,2.40476,-1.4773,-0.133047,-0.965985,0.191225,-0.236576,1.546,0.322882,-0.854589,1.89938,-2.93907,-1.53871,0.96446,-1.2047,1.69516,-0.623478,0.583724,0.0386192,-1.18308,0.0290338,1.61152,-0.568274,-0.729552,-0.554847,1.14357,-1.40593,-1.32105,0.0400918,0.817254,
-0.501037,2.40476,-1.4773,-0.133047,-0.965985,0.191225,-0.236576,1.546,0.322882,-0.854589,1.89938,-3.09007,-1.53871,0.96446,-1.2047,1.04417,-0.623478,0.583724,-0.338862,-1.18308,0.0290338,1.61152,0.213058,0.604581,0.310818,0.385738,-1.06926,1.4653,0.680106,-0.0678757,
-0.501037,2.40476,-1.4773,-0.133047,-0.965985,0.191225,-0.236576,1.546,0.322882,-0.854589,1.89938,-0.243513,-1.53871,0.96446,-1.2047,3.23834,-0.623478,0.583724,-2.1919,-1.18308,0.0290338,1.61152,-3.57928,0.713627,0.221901,-1.22573,-0.307101,1.32531,-2.23162,0.668211,
-0.501037,2.40476,-1.4773,-0.133047,-0.965985,0.191225,-0.236576,1.546,0.322882,-0.854589,1.89938,-0.996534,-1.53871,0.96446,-1.2047,1.89707,-0.623478,0.583724,-0.860294,-1.18308,0.0290338,1.61152,-0.492183,2.00481,-1.59153,0.161104,-0.567326,1.84105,0.232543,1.22086,
-0.501037,2.40476,-1.4773,-0.133047,-0.965985,0.191225,-0.236576,1.546,0.322882,-0.854589,1.89938,-1.51312,-1.53871,0.96446,-1.2047,1.74642,-0.623478,0.583724,0.233835,-1.18308,0.0290338,1.61152,-1.10872,1.91154,-2.09714,-0.654148,0.253468,-1.20645,0.350155,-1.18261,
-0.501037,2.40476,-1.4773,-0.133047,-0.965985,0.191225,-0.236576,1.546,0.322882,-0.854589,1.89938,0.758482,-1.53871,0.96446,-1.2047,2.66629,-0.623478,0.583724,-1.42617,-1.18308,0.0290338,1.61152,-1.31204,-0.547953,0.645892,-2.77076,2.32025,-0.653161,-2.40947,0.356275,
-0.501037,2.40476,-1.4773,-0.133047,-0.965985,0.191225,-0.236576,1.546,0.322882,-0.854589,1.89938,-0.424512,-1.53871,0.96446,-1.2047,2.07088,-0.623478,0.583724,-1.00108,-1.18308,0.0290338,1.61152,-0.962151,-0.164052,-1.33953,1.18558,1.08142,-0.603338,-1.45319,-0.386008,
-0.501037,2.40476,-1.4773,-0.133047,-0.965985,0.191225,-0.236576,1.546,0.322882,-0.854589,1.89938,-1.57349,-1.53871,0.96446,-1.2047,1.41758,-0.623478,0.583724,-2.48427,-1.18308,0.0290338,1.61152,-1.40853,2.13496,-2.36393,0.515037,-1.57373,1.11756,0.619703,-0.810649,
-0.501037,2.40476,-1.4773,-0.133047,-0.965985,0.191225,-0.236576,1.546,0.322882,-0.854589,1.89938,-1.71183,-1.53871,0.96446,-1.2047,0.392548,-0.623478,0.583724,-0.86513,-1.18308,0.0290338,1.61152,-1.11532,1.0941,-0.953511,1.84582,1.01101,0.589042,-0.828295,-2.57375,
-0.501037,2.40476,-1.4773,-0.133047,-0.965985,0.191225,-0.236576,1.546,0.322882,-0.854589,1.89938,-0.886385,-1.53871,0.96446,-1.2047,2.08467,-0.623478,0.583724,-0.120477,-1.18308,0.0290338,1.61152,-0.211239,-0.911281,1.09432,-0.178297,0.594664,1.5124,-0.61439,-1.40216,
-0.501037,2.40476,-1.4773,-0.133047,-0.965985,0.191225,-0.236576,1.546,0.322882,-0.854589,1.89938,-1.88828,-1.53871,0.96446,-1.2047,1.60965,-0.623478,0.583724,-0.476847,-1.18308,0.0290338,1.61152,-1.97165,0.0514039,-0.645637,1.16648,-1.37156,1.47646,-1.80004,-0.350842,
-0.501037,2.40476,-1.4773,-0.133047,-0.965985,0.191225,-0.236576,1.546,0.322882,-0.854589,1.89938,-1.01656,-1.53871,0.96446,-1.2047,0.503074,-0.623478,0.583724,-0.68818,-1.18308,0.0290338,1.61152,-2.35366,0.897011,0.732726,2.63475,-2.22688,-0.374651,0.762445,0.446327,
-0.501037,2.40476,-1.4773,-0.133047,-0.965985,0.191225,-0.236576,1.546,0.322882,-0.854589,1.89938,-3.12673,-1.53871,0.96446,-1.2047,3.2378,-0.623478,0.583724,-1.24154,-1.18308,0.0290338,1.61152,-0.873203,2.14877,-1.66011,3.78246,1.78448,0.494825,0.153903,-1.31676,
-0.501037,2.40476,-1.4773,-0.133047,-0.965985,0.191225,-0.236576,1.546,0.322882,-0.854589,1.89938,-1.50648,-1.53871,0.96446,-1.2047,1.11245,-0.623478,0.583724,-1.80672,-1.18308,0.0290338,1.61152,-1.13575,-0.848009,0.685058,0.0483868,-1.70329,0.697627,-0.180957,1.04962,
-0.501037,2.40476,-1.4773,-0.133047,-0.965985,0.191225,-0.236576,1.546,0.322882,-0.854589,1.89938,-0.475177,-1.53871,0.96446,-1.2047,0.111968,-0.623478,0.583724,-0.581401,-1.18308,0.0290338,1.61152,0.157234,0.151156,0.53007,1.00013,1.37834,-0.723635,-1.49972,-0.278328,
-0.501037,2.40476,-1.4773,-0.133047,-0.965985,0.191225,-0.236576,1.546,0.322882,-0.854589,1.89938,-1.97834,-1.53871,0.96446,-1.2047,2.97272,-0.623478,0.583724,0.119099,-1.18308,0.0290338,1.61152,-0.900918,0.325884,-2.33958,-1.58804,-1.97918,-1.24363,-0.732631,-0.350992,
-0.501037,2.40476,-1.4773,-0.133047,-0.965985,0.191225,-0.236576,1.546,0.322882,-0.854589,1.89938,-1.33027,-1.53871,0.96446,-1.2047,0.344432,-0.623478,0.583724,-0.290258,-1.18308,0.0290338,1.61152,-1.52322,0.336572,-1.02927,0.468006,-0.478724,1.01095,2.61586,-1.41593,
-0.501037,2.40476,-1.4773,-0.133047,-0.965985,0.191225,-0.236576,1.546,0.322882,-0.854589,1.89938,-0.265231,-1.53871,0.96446,-1.2047,1.13325,-0.623478,0.583724,-0.465652,-1.18308,0.0290338,1.61152,-2.42178,0.335511,-1.44439,0.201536,-0.339961,-0.1866,-0.814388,-1.25042,
-0.501037,2.40476,-1.4773,-0.133047,-0.965985,0.191225,-0.236576,1.546,0.322882,-0.854589,1.89938,-0.937441,-1.53871,0.96446,-1.2047,1.73234,-0.623478,0.583724,-0.393597,-1.18308,0.0290338,1.61152,-2.34299,1.89494,-0.349518,1.94033,-0.608682,-0.701935,-1.80818,1.99189,
-0.501037,2.40476,-1.4773,-0.133047,-0.965985,0.191225,-0.236576,1.546,0.322882,-0.854589,1.89938,-3.68718,-1.53871,0.96446,-1.2047,0.271897,-0.623478,0.583724,-0.970915,-1.18308,0.0290338,1.61152,-0.403654,-0.139441,-3.50705,0.421657,1.66543,-1.02452,-1.1345,0.34646,
-0.501037,2.40476,-1.4773,-0.133047,-0.965985,0.191225,-0.236576,1.546,0.322882,-0.854589,1.89938,-1.80553,-1.53871,0.96446,-1.2047,0.538096,-0.623478,0.583724,0.317792,-1.18308,0.0290338,1.61152,-0.0295655,0.819643,-1.39679,-0.0557848,0.279701,-1.74415,0.788291,-1.04181,
-0.501037,2.40476,-1.4773,-0.133047,-0.965985,0.191225,-0.236576,1.546,0.322882,-0.854589,1.89938,-1.09053,-1.53871,0.96446,-1.2047,0.415431,-0.623478,0.583724,-1.23929,-1.18308,0.0290338,1.61152,-0.962151,0.346411,0.0799795,-0.168703,-1.52671,0.858219,0.246018,0.0859055,
-0.501037,2.40476,-1.4773,-0.133047,-0.965985,0.191225,-0.236576,1.546,0.322882,-0.854589,1.89938,-2.57954,-1.53871,0.96446,-1.2047,0.802429,-0.623478,0.583724,-1.21404,-1.18308,0.0290338,1.61152,-2.13645,2.29198,-1.5044,1.20565,-0.623704,-0.847668,-0.497116,-0.462071,
-0.501037,2.40476,-1.4773,-0.133047,-0.965985,0.191225,-0.236576,1.546,0.322882,-0.854589,1.89938,0.453751,-1.53871,0.96446,-1.2047,1.36658,-0.623478,0.583724,-1.03022,-1.18308,0.0290338,1.61152,-2.27804,-0.614465,0.673574,2.64375,-0.703834,2.47613,-0.0813593,-0.404202,
-0.501037,2.40476,-1.4773,-0.133047,-0.965985,0.191225,-0.236576,1.546,0.322882,-0.854589,1.89938,-1.21861,-1.53871,0.96446,-1.2047,1.46345,-0.623478,0.583724,-0.414354,-1.18308,0.0290338,1.61152,-2.35418,2.47777,-1.98019,2.29322,-1.34955,-1.74321,-0.606626,2.13499,
-0.501037,2.40476,-1.4773,-0.133047,-0.965985,0.191225,-0.236576,1.546,0.322882,-0.854589,1.89938,-0.237992,-1.53871,0.96446,-1.2047,1.24751,-0.623478,0.583724,0.468311,-1.18308,0.0290338,1.61152,0.627418,-1.14702,-2.07107,-1.19073,-1.88102,0.869346,1.79381,-0.0490946,
-0.501037,2.40476,-1.4773,-0.133047,-0.965985,0.191225,-0.236576,1.546,0.322882,-0.854589,1.89938,-0.259063,-1.53871,0.96446,-1.2047,1.05243,-0.623478,0.583724,-1.41012,-1.18308,0.0290338,1.61152,-1.50192,-1.95602,-1.38016,1.35251,1.65534,0.663433,-0.613043,0.310713,
-0.501037,2.40476,-1.4773,-0.133047,-0.965985,0.191225,-0.236576,1.546,0.322882,-0.854589,1.89938,-2.591,-1.53871,0.96446,-1.2047,1.23682,-0.623478,0.583724,-0.638539,-1.18308,0.0290338,1.61152,-2.03299,-0.813706,-0.887818,-0.530972,-0.959233,2.05487,0.412755,-0.85822,
-0.501037,2.40476,-1.4773,-0.133047,-0.965985,0.191225,-0.236576,1.546,0.322882,-0.854589,1.89938,0.697548,-1.53871,0.96446,-1.2047,2.57466,-0.623478,0.583724,-0.913349,-1.18308,0.0290338,1.61152,-1.13282,0.288166,-1.83073,0.46033,1.05541,1.7453,1.81031,1.22454,
-0.501037,2.40476,-1.4773,-0.133047,-0.965985,0.191225,-0.236576,1.546,0.322882,-0.854589,1.89938,-1.99531,-1.53871,0.96446,-1.2047,1.27677,-0.623478,0.583724,1.22478,-1.18308,0.0290338,1.61152,-1.46217,0.817741,-1.46908,-2.57698,-2.24388,-0.692442,-3.86971,1.06433,
-0.501037,2.40476,-1.4773,-0.133047,-0.965985,0.191225,-0.236576,1.546,0.322882,-0.854589,1.89938,-0.69929,-1.53871,0.96446,-1.2047,-0.325655,-0.623478,0.583724,-0.723367,-1.18308,0.0290338,1.61152,-2.34299,1.56187,-1.06801,-0.264323,-2.56537,-0.544606,-2.58083,-0.181631,
-0.501037,2.40476,-1.4773,-0.133047,-0.965985,0.191225,-0.236576,1.546,0.322882,-0.854589,1.89938,-1.13886,-1.53871,0.96446,-1.2047,0.36133,-0.623478,0.583724,-1.13414,-1.18308,0.0290338,1.61152,-0.356077,1.46664,-1.59298,-1.32021,1.07022,-0.585937,1.7826,0.366031,
-0.501037,2.40476,-1.4773,-0.133047,-0.965985,0.191225,-0.236576,1.546,0.322882,-0.854589,1.89938,-2.12483,-1.53871,0.96446,-1.2047,1.08897,-0.623478,0.583724,-1.27524,-1.18308,0.0290338,1.61152,0.437537,1.72444,-1.62194,-2.07562,0.818977,-0.358222,-0.0879003,-1.41063,
-0.501037,2.40476,-1.4773,-0.133047,-0.965985,0.191225,-0.236576,1.546,0.322882,-0.854589,1.89938,1.30026,-1.53871,0.96446,-1.2047,1.8104,-0.623478,0.583724,0.468311,-1.18308,0.0290338,1.61152,-2.40865,-0.760769,0.109908,-2.23913,-1.51094,-1.09426,-0.81836,-2.72195,
-0.501037,2.40476,-1.4773,-0.133047,-0.965985,0.191225,-0.236576,1.546,0.322882,-0.854589,1.89938,-0.0648268,-1.53871,0.96446,-1.2047,0.523672,-0.623478,0.583724,-1.85669,-1.18308,0.0290338,1.61152,-1.40062,-0.375228,-2.54607,1.03763,3.31129,-1.85922,-0.781395,-0.912127,
-0.501037,2.40476,-1.4773,-0.133047,-0.965985,0.191225,-0.236576,1.546,0.322882,-0.854589,1.89938,-0.556995,-1.53871,0.96446,-1.2047,1.53731,-0.623478,0.583724,-1.60113,-1.18308,0.0290338,1.61152,-1.85149,0.938275,0.84203,-0.635021,-0.674253,0.153392,2.43811,-0.438617,
-0.501037,2.40476,-1.4773,-0.133047,-0.965985,0.191225,-0.236576,1.546,0.322882,-0.854589,1.89938,0.158873,-1.53871,0.96446,-1.2047,1.16833,-0.623478,0.583724,-0.396412,-1.18308,0.0290338,1.61152,0.318992,0.381037,-0.431148,-0.239433,-0.289895,1.66612,-0.728217,-1.78098,
-0.501037,2.40476,-1.4773,-0.133047,-0.965985,0.191225,-0.236576,1.546,0.322882,-0.854589,1.89938,-2.78431,-1.53871,0.96446,-1.2047,0.00134741,-0.623478,0.583724,-0.128877,-1.18308,0.0290338,1.61152,-2.7085,1.87943,1.58922,2.10157,0.700964,0.225901,-0.146479,-1.40216,
-0.501037,2.40476,-1.4773,-0.133047,-0.965985,0.191225,-0.236576,1.546,0.322882,-0.854589,1.89938,-1.29356,-1.53871,0.96446,-1.2047,1.14337,-0.623478,0.583724,-1.84346,-1.18308,0.0290338,1.61152,-1.41961,1.7073,-3.08199,-3.03748,-1.25457,0.527856,-0.186703,0.437697,
-0.501037,2.40476,-1.4773,-0.133047,-0.965985,0.191225,-0.236576,1.546,0.322882,-0.854589,1.89938,-0.914414,-1.53871,0.96446,-1.2047,2.31166,-0.623478,0.583724,-0.0918402,-1.18308,0.0290338,1.61152,-0.211239,0.961104,-0.966909,0.883296,1.22195,0.850843,0.399481,1.74741,
-0.501037,2.40476,-1.4773,-0.133047,-0.965985,0.191225,-0.236576,1.546,0.322882,-0.854589,1.89938,-2.75985,-1.53871,0.96446,-1.2047,-0.206544,-0.623478,0.583724,-0.352653,-1.18308,0.0290338,1.61152,-1.60997,0.134596,0.221901,3.54929,1.09157,-2.48679,-1.14708,0.826308,
-0.501037,2.40476,-1.4773,-0.133047,-0.965985,0.191225,-0.236576,1.546,0.322882,-0.854589,1.89938,-2.554,-1.53871,0.96446,-1.2047,-0.0552238,-0.623478,0.583724,-1.50162,-1.18308,0.0290338,1.61152,-2.70015,-0.614465,0.403054,-1.31118,0.201627,-1.33561,1.71645,-0.741352,
-0.501037,2.40476,-1.4773,-0.133047,-0.965985,0.191225,-0.236576,1.546,0.322882,-0.854589,1.89938,-0.0648268,-1.53871,0.96446,-1.2047,0.829194,-0.623478,0.583724,-1.87424,-1.18308,0.0290338,1.61152,-2.04057,0.286968,-0.656254,2.49673,-0.613,1.01095,0.55125,-2.90989,
-0.501037,2.40476,-1.4773,-0.133047,-0.965985,0.191225,-0.236576,1.546,0.322882,-0.854589,1.89938,-2.90271,-1.53871,0.96446,-1.2047,1.33876,-0.623478,0.583724,-0.547167,-1.18308,0.0290338,1.61152,-1.72794,0.0320772,-1.48494,-0.651024,-1.71519,1.54516,-0.362606,0.431244,
-0.501037,2.40476,-1.4773,-0.133047,-0.965985,0.191225,-0.236576,1.546,0.322882,-0.854589,1.89938,-1.80553,-1.53871,0.96446,-1.2047,-0.279161,-0.623478,0.583724,-0.872638,-1.18308,0.0290338,1.61152,-0.875935,1.59189,-1.27691,1.52691,-1.29745,1.31886,1.8047,-0.370574,
-0.501037,2.40476,-1.4773,-0.133047,-0.965985,0.191225,-0.236576,1.546,0.322882,-0.854589,1.89938,-1.44735,-1.53871,0.96446,-1.2047,1.73405,-0.623478,0.583724,-1.62752,-1.18308,0.0290338,1.61152,-0.411231,1.69585,0.798757,-1.1898,2.27737,-1.03344,0.151017,-1.27018,
-0.501037,2.40476,-1.4773,-0.133047,-0.965985,0.191225,-0.236576,1.546,0.322882,-0.854589,1.89938,-0.424512,-1.53871,0.96446,-1.2047,-0.25188,-0.623478,0.583724,0.857363,-1.18308,0.0290338,1.61152,-0.957944,1.80659,-0.390485,-0.828641,1.39383,-0.534257,-3.99504,0.438881,
-0.501037,2.40476,-1.4773,-0.133047,-0.965985,0.191225,-0.236576,1.546,0.322882,-0.854589,1.89938,-1.24566,-1.53871,0.96446,-1.2047,1.68878,-0.623478,0.583724,-3.0731,-1.18308,0.0290338,1.61152,-1.64129,1.91201,-0.406719,-0.854545,-0.38597,0.581574,-0.916291,-1.78098,
-0.501037,2.40476,-1.4773,-0.133047,-0.965985,0.191225,-0.236576,1.546,0.322882,-0.854589,1.89938,-0.988267,-1.53871,0.96446,-1.2047,1.43579,-0.623478,0.583724,1.23359,-1.18308,0.0290338,1.61152,0.228114,-0.00850936,-2.9349,2.03417,-0.311066,1.88453,-0.805313,-0.602453,
-0.501037,2.40476,-1.4773,-0.133047,-0.965985,0.191225,-0.236576,1.546,0.322882,-0.854589,1.89938,-2.69744,-1.53871,0.96446,-1.2047,2.37276,-0.623478,0.583724,0.410413,-1.18308,0.0290338,1.61152,0.281145,1.38003,-2.15406,0.426937,-0.908881,-1.01717,0.0400918,0.698603,
-0.501037,2.40476,-1.4773,-0.133047,-0.965985,0.191225,-0.236576,1.546,0.322882,-0.854589,1.89938,-1.36351,-1.53871,0.96446,-1.2047,-0.201306,-0.623478,0.583724,-1.53002,-1.18308,0.0290338,1.61152,0.135072,-0.745145,-0.436398,-1.38199,-1.05112,-0.343809,0.456748,1.46835,
-0.501037,2.40476,-1.4773,-0.133047,-0.965985,0.191225,-0.236576,1.546,0.322882,-0.854589,1.89938,-0.862553,-1.53871,0.96446,-1.2047,1.45943,-0.623478,0.583724,-1.13698,-1.18308,0.0290338,1.61152,-2.45106,-0.185964,0.478554,0.907156,0.781527,-0.305743,-2.70627,-0.0782882,
-0.501037,2.40476,-1.4773,-0.133047,-0.965985,0.191225,-0.236576,1.546,0.322882,-0.854589,1.89938,0.923967,-1.53871,0.96446,-1.2047,0.466619,-0.623478,0.583724,0.484671,-1.18308,0.0290338,1.61152,-2.03261,2.02118,0.240284,0.201536,2.02836,2.21816,-1.1345,0.273512,
-0.501037,2.40476,-1.4773,-0.133047,-0.965985,0.191225,-0.236576,1.546,0.322882,-0.854589,1.89938,-2.52478,-1.53871,0.96446,-1.2047,1.04182,-0.623478,0.583724,-1.31493,-1.18308,0.0290338,1.61152,-2.16031,-0.257238,0.519978,-0.470789,-2.36729,-2.34153,-0.351246,0.16961,
-0.501037,2.40476,-1.4773,-0.133047,-0.965985,0.191225,-0.236576,1.546,0.322882,-0.854589,1.89938,-2.92799,-1.53871,0.96446,-1.2047,1.79455,-0.623478,0.583724,-1.32708,-1.18308,0.0290338,1.61152,-1.93194,2.16235,-2.78818,0.594133,-0.613,-1.24749,0.961435,-0.823087,
-0.501037,2.40476,-1.4773,-0.133047,-0.965985,0.191225,-0.236576,1.546,0.322882,-0.854589,1.89938,-0.474832,-1.53871,0.96446,-1.2047,-1.89381,-0.623478,0.583724,1.13272,-1.18308,0.0290338,1.61152,-0.713533,1.20286,0.478554,1.51379,0.0829712,2.5012,-2.49495,1.91225,
-0.501037,2.40476,-1.4773,-0.133047,-0.965985,0.191225,-0.236576,1.546,0.322882,-0.854589,1.89938,-0.484667,-1.53871,0.96446,-1.2047,0.857422,-0.623478,0.583724,-0.887239,-1.18308,0.0290338,1.61152,-0.843889,-0.843876,-0.222278,-1.22573,-0.497069,-1.09426,-0.147942,-0.639421,
-0.501037,2.40476,-1.4773,-0.133047,-0.965985,0.191225,-0.236576,1.546,0.322882,-0.854589,1.89938,0.458405,-1.53871,0.96446,-1.2047,-0.00978841,-0.623478,0.583724,-0.698875,-1.18308,0.0290338,1.61152,-0.561477,1.29883,-1.66011,1.90879,-2.09367,1.31886,1.6439,-2.25175,
-0.501037,2.40476,-1.4773,-0.133047,-0.965985,0.191225,-0.236576,1.546,0.322882,-0.854589,1.89938,-2.91496,-1.53871,0.96446,-1.2047,0.501535,-0.623478,0.583724,0.153737,-1.18308,0.0290338,1.61152,-1.68933,-0.13735,0.179714,3.44888,0.341219,0.841863,-1.71277,2.94657,
-0.501037,2.40476,-1.4773,-0.133047,-0.965985,0.191225,-0.236576,1.546,0.322882,-0.854589,1.89938,-2.39196,-1.53871,0.96446,-1.2047,1.39591,-0.623478,0.583724,1.03544,-1.18308,0.0290338,1.61152,-1.41105,0.0938698,0.536903,-0.97481,-2.0726,-2.34153,0.484416,-0.883713,
-0.501037,2.40476,-1.4773,-0.133047,-0.965985,0.191225,-0.236576,1.546,0.322882,-0.854589,1.89938,-1.14247,-1.53871,0.96446,-1.2047,2.0693,-0.623478,0.583724,-0.393597,-1.18308,0.0290338,1.61152,-1.39335,1.04065,-0.197428,3.69751,2.32025,0.0437104,-0.39059,-1.34314,
-0.501037,2.40476,-1.4773,-0.133047,-0.965985,0.191225,-0.236576,1.546,0.322882,-0.854589,1.89938,-1.63599,-1.53871,0.96446,-1.2047,2.69166,-0.623478,0.583724,0.774359,-1.18308,0.0290338,1.61152,-0.437464,1.31377,-0.83956,1.4921,0.454804,0.527856,-0.739116,-1.03895,
-0.501037,2.40476,-1.4773,-0.133047,-0.965985,0.191225,-0.236576,1.546,0.322882,-0.854589,1.89938,-1.29981,-1.53871,0.96446,-1.2047,-0.718185,-0.623478,0.583724,-1.26146,-1.18308,0.0290338,1.61152,-1.07834,-0.729552,1.66238,1.72928,0.949905,0.576776,-0.839779,-0.0146195,
-0.501037,2.40476,-1.4773,-0.133047,-0.965985,0.191225,-0.236576,1.546,0.322882,-0.854589,1.89938,-1.537,-1.53871,0.96446,-1.2047,-0.791219,-0.623478,0.583724,-0.993954,-1.18308,0.0290338,1.61152,-2.86391,1.23162,1.29105,-0.670328,0.196996,0.575486,1.88137,2.25833,
-0.501037,2.40476,-1.4773,-0.133047,-0.965985,0.191225,-0.236576,1.546,0.322882,-0.854589,1.89938,-2.02819,-1.53871,0.96446,-1.2047,1.67049,-0.623478,0.583724,-0.886338,-1.18308,0.0290338,1.61152,-0.606601,0.822981,-1.62987,-3.03934,-0.315916,-0.191581,2.1602,-1.13749,
-0.501037,2.40476,-1.4773,-0.133047,-0.965985,0.191225,-0.236576,1.546,0.322882,-0.854589,1.89938,-0.758114,-1.53871,0.96446,-1.2047,2.48753,-0.623478,0.583724,0.43769,-1.18308,0.0290338,1.61152,-1.98286,3.1369,-1.20456,1.97877,-0.232201,1.30411,-2.3723,-0.12888,
-0.501037,2.40476,-1.4773,-0.133047,-0.965985,0.191225,-0.236576,1.546,0.322882,-0.854589,1.89938,-1.19321,-1.53871,0.96446,-1.2047,-0.692462,-0.623478,0.583724,-0.762035,-1.18308,0.0290338,1.61152,0.336529,3.25333,-1.56364,2.48669,-2.27002,0.590025,-0.147942,-2.10224,
-0.501037,2.40476,-1.4773,-0.133047,-0.965985,0.191225,-0.236576,1.546,0.322882,-0.854589,1.89938,-1.49598,-1.53871,0.96446,-1.2047,0.232647,-0.623478,0.583724,1.42592,-1.18308,0.0290338,1.61152,-1.91819,-0.0787756,-1.94238,-0.290147,-1.61575,-0.575663,-0.351246,-1.6976,
-0.501037,2.40476,-1.4773,-0.133047,-0.965985,0.191225,-0.236576,1.546,0.322882,-0.854589,1.89938,-1.6354,-1.53871,0.96446,-1.2047,0.560749,-0.623478,0.583724,0.0765687,-1.18308,0.0290338,1.61152,-1.16922,-0.813706,-0.573032,-0.494943,-1.73601,0.569816,1.65094,2.63878,
-0.501037,2.40476,-1.4773,-0.133047,-0.965985,0.191225,-0.236576,1.546,0.322882,-0.854589,1.89938,-0.491438,-1.53871,0.96446,-1.2047,1.17632,-0.623478,0.583724,-1.66328,-1.18308,0.0290338,1.61152,-2.63371,1.74059,0.524122,0.197625,1.5807,1.90234,-2.58638,-1.21727,
-0.501037,2.40476,-1.4773,-0.133047,-0.965985,0.191225,-0.236576,1.546,0.322882,-0.854589,1.89938,1.22102,-1.53871,0.96446,-1.2047,1.96363,-0.623478,0.583724,-1.69801,-1.18308,0.0290338,1.61152,1.44902,3.07014,-0.276149,0.0762804,2.24508,0.822057,-1.49972,-0.951856,
-0.501037,2.40476,-1.4773,-0.133047,-0.965985,0.191225,-0.236576,1.546,0.322882,-0.854589,1.89938,-0.897441,-1.53871,0.96446,-1.2047,-0.407423,-0.623478,0.583724,1.49092,-1.18308,0.0290338,1.61152,-0.812247,1.00028,2.94109,-0.699699,-1.45029,2.58968,2.50521,1.07364,
-0.501037,2.40476,-1.4773,-0.133047,-0.965985,0.191225,-0.236576,1.546,0.322882,-0.854589,1.89938,0.968763,-1.53871,0.96446,-1.2047,0.350334,-0.623478,0.583724,-0.794201,-1.18308,0.0290338,1.61152,-1.66527,0.685838,-2.56435,0.0483868,-0.0317203,-0.16827,0.0913379,2.9433,
-0.501037,2.40476,-1.4773,-0.133047,-0.965985,0.191225,-0.236576,1.546,0.322882,-0.854589,1.89938,0.0527727,-1.53871,0.96446,-1.2047,1.23475,-0.623478,0.583724,-1.59081,-1.18308,0.0290338,1.61152,-2.29946,3.21867,0.343024,1.51045,-0.761103,-0.0182155,-1.62308,0.531079,
-0.501037,2.40476,-1.4773,-0.133047,-0.965985,0.191225,-0.236576,1.546,0.322882,-0.854589,1.89938,0.0577788,-1.53871,0.96446,-1.2047,1.23188,-0.623478,0.583724,0.767405,-1.18308,0.0290338,1.61152,-1.35493,0.994495,-1.48494,0.948489,0.540336,-2.34153,1.74954,0.93292,
-0.501037,2.40476,-1.4773,-0.133047,-0.965985,0.191225,-0.236576,1.546,0.322882,-0.854589,1.89938,-0.23066,-1.53871,0.96446,-1.2047,-0.281922,-0.623478,0.583724,-2.21955,-1.18308,0.0290338,1.61152,-2.07283,2.47777,-0.699698,-0.854545,1.44661,-0.543988,1.88823,1.00653,
-0.501037,2.40476,-1.4773,-0.133047,-0.965985,0.191225,-0.236576,1.546,0.322882,-0.854589,1.89938,-0.628705,-1.53871,0.96446,-1.2047,-0.0932115,-0.623478,0.583724,0.700735,-1.18308,0.0290338,1.61152,-1.34549,1.21544,-1.48743,1.37585,-0.356706,1.83634,-0.654747,0.366031,
-0.501037,2.40476,-1.4773,-0.133047,-0.965985,0.191225,-0.236576,1.546,0.322882,-0.854589,1.89938,-1.97898,-1.53871,0.96446,-1.2047,1.93906,-0.623478,0.583724,-0.873433,-1.18308,0.0290338,1.61152,-1.12725,2.58094,-0.842512,3.03225,-0.38597,1.44863,1.22609,1.48111,
-0.501037,2.40476,-1.4773,-0.133047,-0.965985,0.191225,-0.236576,1.546,0.322882,-0.854589,1.89938,-1.48673,-1.53871,0.96446,-1.2047,-1.39653,-0.623478,0.583724,1.93631,-1.18308,0.0290338,1.61152,-1.81961,1.46664,-2.0405,1.47316,0.26437,-1.0632,-0.606626,-0.772249,
-0.501037,2.40476,-1.4773,-0.133047,-0.965985,0.191225,-0.236576,1.546,0.322882,-0.854589,1.89938,-0.475177,-1.53871,0.96446,-1.2047,-0.295184,-0.623478,0.583724,-0.382765,-1.18308,0.0290338,1.61152,-1.0207,0.410738,-0.267285,3.73921,-2.90478,0.804083,-0.0151548,-0.7722,
